StartTime: 2019-12-31 14:44:09.151
address	Time(s)	ax(g)	ay(g)	az(g)	wx(deg/s)	wy(deg/s)	wz(deg/s)	AngleX(deg)	AngleY(deg)	AngleZ(deg)	T(°) 
0x50	14:55:09.634	-0.0977	-0.9077	-0.0249	3.1128	0.0000	0.0000	-91.4886	5.2460	-8.8660	40.0625 
0x50	14:55:09.684	-0.0942	-0.9214	-0.0298	-0.4883	-2.0752	-5.2490	-91.5051	4.9988	-8.7671	40.0625 
0x50	14:55:09.734	-0.0903	-0.9048	-0.0259	0.6104	1.0376	1.3428	-91.4832	5.0757	-8.8220	40.0713 
0x50	14:55:09.784	-0.0942	-0.9180	-0.0259	0.7935	0.1831	0.0000	-91.4502	5.0702	-8.8385	40.0625 
0x50	14:55:09.834	-0.0972	-0.9165	-0.0264	3.2959	2.0142	8.6060	-91.3019	5.5096	-8.9539	40.0684 
0x50	14:55:09.884	-0.0981	-0.9146	-0.0225	-4.0283	4.6387	1.8921	-91.5106	5.6799	-9.2175	40.0595 
0x50	14:55:09.935	-0.0942	-0.8960	-0.0337	0.6104	-0.9155	1.7090	-91.4886	5.7733	-9.1736	40.0654 
0x50	14:55:09.985	-0.1030	-0.9146	-0.0317	-1.7090	2.1973	-6.0425	-91.5491	5.5591	-9.2120	40.0713 
0x50	14:55:10.034	-0.0928	-0.9141	-0.0303	0.4272	6.8359	0.2441	-91.5656	5.5646	-9.5526	40.0654 
0x50	14:55:10.084	-0.1001	-0.9526	-0.0298	1.7700	3.1738	-2.2583	-91.4612	5.4767	-9.7833	40.0625 
0x50	14:55:10.149	-0.0913	-0.9141	-0.0151	0.1831	-9.1553	-8.1787	-91.4008	5.0867	-9.3109	40.0684 
0x50	14:55:10.184	-0.1040	-0.8560	-0.0244	5.6152	-7.7515	-1.7700	-91.2085	4.9438	-8.9264	40.0625 
0x50	14:55:10.236	-0.1011	-0.8882	-0.0234	11.1084	4.1504	21.7285	-90.6866	6.0370	-9.1516	40.0713 
0x50	14:55:10.284	-0.1108	-0.9829	0.0146	11.9019	-7.2021	27.7710	-90.0330	7.2839	-9.0747	40.0537 
0x50	14:55:10.333	-0.1416	-0.9043	0.0117	7.9346	-19.9585	19.6533	-89.5001	8.2782	-8.0640	40.0625 
0x50	14:55:10.383	-0.1240	-0.9077	0.0107	0.6104	-34.1797	-19.7754	-89.0771	7.5861	-6.5753	40.0507 
0x50	14:55:10.433	-0.1177	-0.9072	0.0029	-10.3149	-44.0063	-14.8926	-89.3188	6.8170	-4.3671	40.0537 
0x50	14:55:10.483	-0.1460	-0.9585	-0.0078	3.6621	-62.6831	5.9204	-88.9783	7.2125	-1.2250	40.0654 
0x50	14:55:10.539	-0.1348	-0.9292	0.0244	-3.2959	-57.3120	-7.6904	-88.7750	6.8005	1.6479	40.0595 
0x50	14:55:10.583	-0.0977	-0.8931	0.0229	-9.0942	-73.4253	-11.2915	-88.6432	6.2457	5.0372	40.0625 
0x50	14:55:10.633	-0.1128	-0.9355	-0.0020	0.3052	-116.4551	-27.7100	-88.0719	4.7406	10.8545	40.0595 
0x50	14:55:10.683	-0.0991	-0.9185	0.0225	6.7139	-112.4268	-28.1372	-87.2095	3.1091	16.7651	40.0507 
0x50	14:55:10.733	-0.0713	-0.9438	-0.0078	-5.0049	-82.8857	15.1978	-87.2864	3.6859	20.9454	40.0625 
0x50	14:55:10.783	-0.0850	-0.8779	-0.0103	5.0659	-106.2622	2.8076	-87.2534	4.0540	25.9058	40.0625 
0x50	14:55:10.832	-0.0972	-0.8569	-0.0195	-1.7700	-108.8257	-9.5825	-87.0557	3.3673	31.3275	40.0537 
0x50	14:55:10.883	-0.0796	-0.9170	-0.0161	-26.8555	-111.5112	5.1880	-88.0115	2.8839	36.8646	40.0595 
0x50	14:55:10.932	-0.0815	-0.9351	-0.0269	0.0000	-105.0415	-10.4980	-87.8412	2.2247	42.0996	40.0566 
0x50	14:55:10.982	-0.0249	-0.9404	-0.0215	-21.4233	-127.1973	-35.6445	-88.7750	0.1923	48.2025	40.0625 
0x50	14:55:11.031	-0.0557	-0.8882	-0.0923	-28.2593	-146.2402	-12.1460	-90.3076	-0.4395	55.5029	40.0566 
0x50	14:55:11.081	-0.0488	-0.8906	-0.0669	1.0986	-96.9238	30.5786	-90.4010	0.6592	61.0565	40.0507 
0x50	14:55:11.131	-0.0864	-0.9214	-0.0898	10.5591	-77.0264	8.5449	-89.9286	1.1920	64.9072	40.0566 
0x50	14:55:11.181	-0.1016	-0.8804	-0.0737	13.3057	-51.6968	22.8882	-89.2859	2.4939	68.1207	40.0507 
0x50	14:55:11.231	-0.1187	-0.9019	-0.0693	5.9814	-77.3315	-21.4233	-88.9398	2.1753	71.3507	40.0507 
0x50	14:55:11.281	-0.0884	-0.9043	-0.0391	16.2354	-78.0029	4.9438	-87.9730	1.7249	75.8771	40.0566 
0x50	14:55:11.331	-0.1079	-0.9565	-0.0415	23.4985	-56.7627	33.4473	-86.7700	3.1531	78.9642	40.0537 
0x50	14:55:11.380	-0.1646	-0.9194	-0.0166	15.5640	-25.3296	27.4658	-85.7043	4.7406	80.7001	40.0507 
0x50	14:55:11.431	-0.2007	-0.9116	-0.0190	-5.2490	-16.2354	4.6997	-85.8142	5.3284	81.5735	40.0566 
0x50	14:55:11.481	-0.1768	-0.9214	-0.0376	3.1738	-20.2637	-2.0142	-85.7153	5.0922	82.4744	40.0419 
0x50	14:55:11.531	-0.1563	-0.9355	-0.0088	-0.6104	-22.6440	13.6108	-85.6824	5.5371	83.7103	40.0507 
0x50	14:55:11.592	-0.1929	-0.9087	-0.0132	1.9531	3.6011	0.9155	-85.7703	5.9052	83.6389	40.0507 
0x50	14:55:11.630	-0.1748	-0.9141	-0.0068	-0.2441	-2.2583	10.3760	-85.8032	6.3501	83.7323	40.0507 
0x50	14:55:11.680	-0.1836	-0.9229	0.0151	-1.8921	3.1128	1.5869	-85.9241	6.6193	83.6884	40.0419 
0x50	14:55:11.730	-0.2021	-0.9136	-0.0249	1.1597	6.9580	-2.1973	-86.0284	6.7236	83.3972	40.0507 
0x50	14:55:11.780	-0.1831	-0.9199	0.0117	-3.6621	1.2817	-1.5259	-86.1823	6.8170	83.4357	40.0537 
0x50	14:55:11.830	-0.1812	-0.9224	-0.0068	-2.8687	4.5166	-1.7700	-86.5063	6.6962	83.1775	40.0507 
0x50	14:55:11.880	-0.1904	-0.9204	-0.0166	-5.9814	14.4043	-8.1787	-86.8799	6.5204	82.6282	40.0625 
0x50	14:55:11.931	-0.1753	-0.8818	-0.0063	-6.1646	17.3340	-11.6577	-87.4237	6.2183	81.7273	40.0595 
0x50	14:55:11.984	-0.1631	-0.9463	0.0024	-8.3618	16.4795	-18.0054	-87.9730	5.4327	80.8594	40.0625 
0x50	14:55:12.030	-0.1611	-0.8936	-0.0449	-14.6484	16.7847	-4.8828	-89.0497	5.4822	79.9805	40.0595 
0x50	14:55:12.080	-0.1563	-0.8813	-0.0498	-16.9067	37.7197	3.6011	-90.1483	5.7733	78.0853	40.0507 
0x50	14:55:12.129	-0.1460	-0.9204	-0.0669	-11.4746	56.5796	-1.8311	-90.9448	5.7349	75.3827	40.0478 
0x50	14:55:12.179	-0.1367	-0.9307	-0.0518	-14.0381	70.1904	14.8926	-92.0435	6.4490	71.8396	40.0537 
0x50	14:55:12.230	-0.1621	-0.9097	-0.0898	-11.0474	84.5947	-0.7935	-93.1805	6.3062	67.4451	40.0537 
0x50	14:55:12.279	-0.1489	-0.9380	-0.0850	1.4038	106.1401	-10.4980	-93.7024	5.5371	62.1497	40.0595 
0x50	14:55:12.332	-0.1133	-0.9268	-0.1108	-13.2446	88.9282	13.6719	-94.5868	5.6360	57.7496	40.0507 
0x50	14:55:12.379	-0.1250	-0.9082	-0.0547	28.9917	162.7197	-0.4883	-93.9056	5.0372	49.6033	40.0625 
0x50	14:55:12.429	-0.1328	-0.8926	-0.0557	37.1704	194.0308	14.8315	-93.1586	5.2185	39.9353	40.0537 
0x50	14:55:12.479	-0.1074	-0.8921	-0.0820	48.9502	203.3691	-1.0376	-91.6809	4.7131	29.7400	40.0507 
0x50	14:55:12.528	-0.0703	-0.9292	-0.0415	20.9961	114.3188	-35.5225	-90.9558	2.7136	22.9230	40.0625 
0x50	14:55:12.591	-0.0220	-0.9268	-0.0366	-6.1646	70.6787	-22.5830	-91.4337	1.5051	19.4073	40.0595 
0x50	14:55:12.628	-0.0566	-0.9092	0.0161	4.2725	64.3921	-25.0244	-91.1646	0.3790	16.8860	40.0566 
0x50	14:55:12.678	-0.0112	-0.9248	0.0034	17.7002	84.8999	-23.0103	-90.2692	-0.8130	12.6617	40.0507 
0x50	14:55:12.728	0.0103	-0.9253	-0.0107	4.5166	62.1338	1.0376	-90.2362	-0.9393	9.5087	40.0654 
0x50	14:55:12.778	-0.0146	-0.9146	0.0356	24.1089	45.5933	19.7754	-88.9728	0.0714	7.2345	40.0684 
0x50	14:55:12.828	-0.0786	-0.9604	0.0537	18.0664	89.1113	3.6621	-87.9346	0.2911	3.5651	40.0507 
0x50	14:55:12.878	-0.0093	-0.8994	0.0679	36.9263	129.1504	-5.7373	-86.1053	0.2966	-2.8949	40.0537 
0x50	14:55:12.928	-0.0571	-0.9175	0.0903	-1.5869	73.4863	-0.6714	-85.9021	0.3955	-6.6248	40.0537 
0x50	14:55:12.980	-0.0005	-0.9116	0.0874	-4.6997	36.1328	11.0474	-86.1218	1.0547	-8.3881	40.0507 
0x50	14:55:13.028	-0.0464	-0.9150	0.1021	1.8921	-18.9209	-19.8975	-86.0504	0.0110	-7.7124	40.0507 
0x50	14:55:13.080	-0.0205	-0.8853	0.0806	-1.5869	-6.5918	-2.0142	-86.1053	-0.0769	-7.3883	40.0566 
0x50	14:55:13.128	-0.0210	-0.9243	0.1035	0.8545	-30.9448	-5.8594	-85.8032	-0.7416	-6.0919	40.0507 
0x50	14:55:13.177	-0.0723	-0.8950	0.1255	-8.2397	-20.4468	46.2036	-86.1383	1.5601	-4.9109	40.0478 
0x50	14:55:13.227	-0.0928	-0.9053	0.1118	4.6387	8.4229	41.0767	-85.7318	3.6694	-5.1251	40.0507 
0x50	14:55:13.277	-0.1294	-0.8926	0.1074	17.1509	15.7471	54.5654	-84.8804	6.5039	-5.6964	40.0566 
0x50	14:55:13.327	-0.1631	-0.9634	0.1445	12.8174	24.6582	40.3442	-84.2816	8.6462	-6.8555	40.0566 
0x50	14:55:13.377	-0.1641	-0.9043	0.1113	-14.4653	0.0000	20.9351	-84.9518	9.7009	-6.7511	40.0448 
0x50	14:55:13.427	-0.1885	-0.8809	0.1011	-3.0518	-10.0708	-13.1836	-84.8639	9.3494	-6.2952	40.0537 
0x50	14:55:13.477	-0.1724	-0.8809	0.1089	0.0000	-19.5923	-40.1611	-84.7046	7.3224	-5.4932	40.0537 
0x50	14:55:13.527	-0.1558	-0.9238	0.1196	-1.0376	2.8076	8.1177	-84.5618	7.1906	-5.3668	40.0507 
0x50	14:55:13.577	-0.1602	-0.9102	0.1143	-9.3994	15.3809	20.5078	-85.0781	8.3167	-6.0480	40.0448 
0x50	14:55:13.626	-0.2090	-0.9004	0.1182	19.5313	61.3403	-8.9111	-84.7375	8.6847	-8.3606	40.0448 
0x50	14:55:13.677	-0.1655	-0.9248	0.1255	6.9580	105.8350	-33.6304	-85.1331	7.5311	-13.8428	40.0448 
0x50	14:55:13.726	-0.1372	-0.8906	0.1533	39.3066	115.9668	-3.6011	-83.1885	7.3993	-19.9677	40.0390 
0x50	14:55:13.776	-0.1870	-0.9141	0.1597	0.6104	39.1846	-32.4707	-83.3588	6.1194	-22.1210	40.0537 
0x50	14:55:13.826	-0.1602	-0.9600	0.1636	-11.4746	43.8843	-3.9063	-83.5840	6.1084	-24.3512	40.0595 
0x50	14:55:13.876	-0.0356	-0.9150	0.1362	30.5176	106.2622	-28.3813	-82.5897	5.2515	-29.8224	40.0390 
0x50	14:55:13.927	-0.1606	-0.9004	0.1563	-5.1880	96.5576	-31.0669	-83.2214	4.3945	-34.4696	40.0390 
0x50	14:55:13.976	-0.0522	-0.8477	0.1733	3.9673	98.3887	-39.8560	-83.2874	2.9938	-39.6002	40.0507 
0x50	14:55:14.035	-0.0620	-0.9395	0.1973	6.3477	102.2949	-24.9023	-82.9193	1.9006	-44.8077	40.0478 
0x50	14:55:14.076	-0.0811	-0.8877	0.1919	4.3945	99.1211	-18.7378	-82.8040	1.8512	-49.7900	40.0360 
0x50	14:55:14.126	-0.1064	-0.8770	0.1318	-2.1973	73.9746	-38.2690	-82.9742	0.9888	-53.7836	40.0390 
0x50	14:55:14.175	-0.0581	-0.9326	0.2104	18.0664	112.9761	-36.0107	-81.9360	-0.7306	-59.2328	40.0478 
0x50	14:55:14.225	-0.0601	-0.9038	0.2061	5.9204	156.2500	-22.0337	-81.5405	-0.4175	-66.7969	40.0448 
0x50	14:55:14.275	-0.0366	-0.8989	0.2476	-15.7471	105.8960	-27.0386	-81.4581	-1.0822	-73.2074	40.0390 
0x50	14:55:14.325	-0.0693	-0.9233	0.1953	-20.1416	104.1260	12.8174	-82.7271	-0.0879	-77.8546	40.0419 
0x50	14:55:14.375	-0.0684	-0.8848	0.1919	-6.2256	59.2041	-13.1836	-82.8534	0.3076	-81.6724	40.0507 
0x50	14:55:14.425	-0.0947	-0.9258	0.1997	-11.0474	55.5420	32.1045	-83.3313	1.7853	-84.4574	40.0419 
0x50	14:55:14.475	-0.1436	-0.9268	0.1616	-33.9355	47.8516	63.5986	-84.6606	5.0977	-86.3690	40.0507 
0x50	14:55:14.524	-0.1968	-0.9048	0.1523	8.7280	66.5894	7.0801	-84.4299	6.1688	-89.3408	40.0419 
0x50	14:55:14.574	-0.2017	-0.9067	0.1748	-6.6528	58.1055	-2.8076	-84.8364	6.3776	-92.5818	40.0360 
0x50	14:55:14.625	-0.1807	-0.8857	0.1255	-13.9160	69.3359	27.2827	-85.8582	8.1079	-95.9436	40.0331 
0x50	14:55:14.675	-0.2285	-0.9116	0.1274	-16.2964	113.7085	22.8271	-87.4072	9.5306	-101.1292	40.0390 
0x50	14:55:14.724	-0.2529	-0.9009	0.0967	-11.2915	144.2871	31.7993	-89.1376	11.4862	-108.3911	40.0419 
0x50	14:55:14.774	-0.3262	-0.8589	0.0596	-22.7051	130.0659	22.7661	-91.7194	13.0188	-114.7412	40.0390 
0x50	14:55:14.824	-0.3135	-0.8999	0.0137	1.5259	77.6367	-4.0283	-92.4719	12.8156	-118.7128	40.0390 
0x50	14:55:14.875	-0.2998	-0.8813	0.0176	12.3901	-8.2397	-12.1460	-91.6479	12.3267	-118.8666	40.0242 
0x50	14:55:14.925	-0.2988	-0.8901	0.0156	4.0894	23.2544	1.5869	-91.6479	12.4969	-120.0586	40.0272 
0x50	14:55:14.973	-0.2744	-0.9077	0.0264	23.4985	-4.8828	-31.4941	-90.7910	11.5741	-120.1355	40.0390 
0x50	14:55:15.031	-0.2798	-0.8936	0.0381	18.1885	0.2441	-19.2261	-89.8297	10.7446	-120.1410	40.0448 
0x50	14:55:15.073	-0.2593	-0.9116	0.0620	32.1655	7.1411	-32.2876	-88.2092	9.0857	-120.4816	40.0272 
0x50	14:55:15.123	-0.2036	-0.8901	0.0903	26.9165	-14.2212	-31.3721	-86.7041	7.5861	-119.8224	40.0360 
0x50	14:55:15.174	-0.1655	-0.9072	0.0933	26.1230	33.0200	-38.2080	-85.7977	6.2183	-121.5308	40.0390 
0x50	14:55:15.223	-0.1675	-0.9316	0.1333	13.3667	3.3569	-13.8550	-85.0836	5.6305	-121.7505	40.0242 
0x50	14:55:15.273	-0.1807	-0.9023	0.1392	7.2632	-2.5024	-6.8970	-84.6222	5.5591	-121.7560	40.0360 
0x50	14:55:15.323	-0.1611	-0.8896	0.1211	17.0898	-35.8887	-36.8042	-83.5895	3.6749	-120.1410	40.0331 
0x50	14:55:15.373	-0.1509	-0.9331	0.1289	-5.2490	-43.0908	34.3018	-83.4412	4.7900	-117.9437	40.0390 
0x50	14:55:15.423	-0.1553	-0.9272	0.1182	-3.6621	-6.9580	6.1646	-83.5730	5.1416	-117.5647	40.0419 
0x50	14:55:15.473	-0.1904	-0.9170	0.1470	-3.7231	-10.9253	6.5918	-83.7433	5.7349	-117.2461	40.0390 
0x50	14:55:15.523	-0.1797	-0.9023	0.1348	-0.1831	-26.0620	-6.1646	-83.5840	5.3998	-115.9772	40.0301 
0x50	14:55:15.573	-0.1567	-0.9131	0.1401	4.1504	-42.4805	1.9531	-83.1171	5.2130	-113.6865	40.0272 
0x50	14:55:15.623	-0.1523	-0.8818	0.1362	2.5024	-18.0054	-4.4556	-82.8754	4.9768	-112.8186	40.0448 
0x50	14:55:15.672	-0.1470	-0.9263	0.1479	0.7324	-14.8315	-6.0425	-82.6611	4.6143	-112.1155	40.0331 
0x50	14:55:15.722	-0.1411	-0.9072	0.1475	-3.2349	-17.2729	4.1504	-82.7106	4.7900	-111.2256	40.0301 
0x50	14:55:15.772	-0.1504	-0.9253	0.1509	0.7935	-6.1035	-6.7139	-82.6611	4.6472	-110.8301	40.0272 
0x50	14:55:15.822	-0.1450	-0.9019	0.1426	-1.2817	-9.7656	-0.3052	-82.6501	4.6582	-110.3467	40.0390 
0x50	14:55:15.871	-0.1323	-0.9170	0.1567	5.7373	-12.3291	-17.5171	-82.4139	4.1199	-109.7974	40.0331 
0x50	14:55:15.922	-0.1196	-0.8965	0.1426	6.4697	-34.7290	-20.5688	-81.9635	2.9498	-108.2098	40.0360 
0x50	14:55:15.972	-0.0962	-0.9063	0.1499	5.6763	-36.3770	-6.0425	-81.5460	2.2632	-106.6882	40.0419 
0x50	14:55:16.032	-0.0786	-0.9248	0.1782	8.2397	-60.1807	-24.4751	-81.0022	0.6812	-103.8922	40.0419 
0x50	14:55:16.071	-0.0571	-0.9082	0.1797	-2.7466	-77.2095	-4.8828	-80.8594	-0.2032	-100.2942	40.0301 
0x50	14:55:16.121	-0.0308	-0.8877	0.1538	27.1606	-92.7734	-12.9395	-79.5465	-1.5381	-95.8228	40.0419 
0x50	14:55:16.172	-0.0122	-0.8843	0.1968	15.8081	-144.2261	-35.0952	-79.4421	-3.9551	-89.7253	40.0448 
0x50	14:55:16.221	0.0356	-0.8882	0.1694	24.9634	-148.1934	-37.4146	-78.7775	-7.0917	-82.7710	40.0360 
0x50	14:55:16.272	0.1240	-0.8701	0.2153	30.2124	-177.1851	-67.9321	-78.2776	-11.1292	-75.3937	40.0448 
0x50	14:55:16.321	0.1787	-0.9697	0.2178	56.0303	-168.9453	-70.3735	-77.1295	-16.2323	-67.6813	40.0390 
0x50	14:55:16.371	0.2373	-0.8359	0.2202	35.9497	-140.3809	-31.3110	-77.3328	-19.3524	-60.8148	40.0419 
0x50	14:55:16.422	0.2734	-0.8491	0.1406	11.9019	-62.5000	8.6670	-77.9041	-19.5667	-57.4805	40.0419 
0x50	14:55:16.474	0.2715	-0.8647	0.1621	3.1128	-36.1938	40.1001	-78.6731	-17.9352	-54.8932	40.0331 
0x50	14:55:16.531	0.2417	-0.8447	0.1641	-6.8359	-67.3218	41.0767	-80.1727	-16.5344	-51.0150	40.0272 
0x50	14:55:16.571	0.1836	-0.9238	0.1260	-32.6538	-93.9941	101.6235	-82.7875	-12.4200	-45.4669	40.0390 
0x50	14:55:16.621	0.1152	-0.8667	0.0879	-20.2637	-87.7075	126.7090	-84.7870	-6.6248	-40.2759	40.0390 
0x50	14:55:16.672	-0.0352	-0.8989	0.0234	-35.0342	-49.1333	35.8887	-86.7535	-3.5925	-37.1063	40.0390 
0x50	14:55:16.721	-0.0225	-0.9634	0.0239	-11.1694	-19.8364	66.6504	-87.7533	-1.2689	-35.6396	40.0360 
0x50	14:55:16.770	-0.0508	-0.8892	0.0337	-35.2173	-52.1851	-3.7231	-89.0277	-0.9778	-33.8214	40.0331 
0x50	14:55:16.820	-0.0479	-0.9214	-0.0298	-16.6626	-90.5762	17.5781	-90.1923	-0.6152	-29.5203	40.0478 
0x50	14:55:16.871	-0.1333	-0.8921	-0.0503	-15.9302	-65.1855	-12.2070	-91.0162	-0.2966	-26.0706	40.0360 
0x50	14:55:16.920	-0.1045	-0.9326	-0.0688	24.3530	-88.0737	-37.2925	-89.9506	-1.5161	-22.1539	40.0360 
0x50	14:55:16.970	-0.0156	-0.9058	0.0239	35.4004	-87.0972	18.6768	-88.8629	-1.5930	-18.4900	40.0272 
0x50	14:55:17.020	-0.0459	-0.9238	0.0244	15.3809	-166.1377	-9.2773	-88.1927	-1.2250	-11.2390	40.0301 
0x50	14:55:17.070	0.0601	-0.8560	-0.0347	32.5928	-90.0879	-127.6245	-87.3523	-7.9047	-6.4874	40.0272 
0x50	14:55:17.120	0.0718	-0.9067	0.0029	22.2778	-125.4883	-38.5742	-86.9128	-10.8929	-0.2362	40.0301 
0x50	14:55:17.170	0.0474	-0.9082	0.0532	7.8735	-45.0439	-3.3569	-86.8579	-11.3818	3.2355	40.0360 
0x50	14:55:17.219	0.1143	-0.9136	0.0137	-10.0098	-7.9956	11.3525	-87.2479	-10.8929	3.6584	40.0360 
0x50	14:55:17.269	0.0562	-0.8940	-0.0015	10.1318	0.8545	43.5791	-86.9458	-8.6298	3.6090	40.0242 
0x50	14:55:17.319	0.0205	-0.9482	0.0161	-6.7749	9.2163	44.7998	-86.8085	-6.2457	3.4003	40.0272 
0x50	14:55:17.369	-0.0005	-0.8823	-0.0117	-6.1035	-13.3667	13.0615	-87.3907	-5.4932	3.8672	40.0213 
0x50	14:55:17.420	-0.0234	-0.9160	0.0151	6.4697	-6.7139	21.3013	-87.3578	-4.5099	4.4550	40.0331 
0x50	14:55:17.483	-0.0127	-0.9312	0.0259	-9.3384	-8.1177	14.5874	-87.8687	-3.7024	4.8944	40.0184 
0x50	14:55:17.519	-0.0474	-0.9102	-0.0029	0.7935	8.7891	7.8125	-88.1378	-3.3344	4.6912	40.0272 
0x50	14:55:17.569	-0.0332	-0.9312	0.0093	-2.7466	20.5688	3.4180	-88.2422	-3.0267	3.6694	40.0331 
0x50	14:55:17.618	-0.0200	-0.8892	-0.0112	4.7607	-13.3057	-7.5684	-88.4729	-3.4882	4.0704	40.0184 
0x50	14:55:17.668	-0.0464	-0.9038	0.0210	7.8735	-1.3428	6.1646	-88.0939	-3.0597	4.1473	40.0331 
0x50	14:55:17.719	-0.0186	-0.9331	-0.0093	-16.7236	3.1738	-16.5405	-88.9728	-3.7299	3.9111	40.0331 
0x50	14:55:17.769	-0.0137	-0.9067	-0.0186	4.0894	-1.7090	-0.7324	-88.8190	-3.6749	3.9935	40.0272 
0x50	14:55:17.818	-0.0239	-0.9150	0.0015	1.3428	-1.0376	4.4556	-88.7585	-3.3563	4.0814	40.0272 
0x50	14:55:17.875	-0.0303	-0.9321	-0.0127	-2.9907	2.7466	2.2583	-88.9398	-3.1421	3.9441	40.0242 
0x50	14:55:17.919	-0.0254	-0.8999	-0.0225	0.4883	-3.5400	-3.5400	-89.2145	-3.1421	4.0155	40.0184 
0x50	14:55:17.969	-0.0166	-0.9067	-0.0225	-0.4272	-5.0659	-4.6997	-89.2914	-3.2959	4.2682	40.0154 
0x50	14:55:18.017	-0.0269	-0.9180	-0.0264	-7.7515	6.5308	3.9673	-89.5825	-3.1201	4.0869	40.0125 
0x50	14:55:18.068	-0.0093	-0.9102	-0.0273	-0.8545	0.0000	-2.9907	-89.6704	-3.1915	4.0869	40.0184 
0x50	14:55:18.118	-0.0117	-0.8975	-0.0278	1.0376	0.6714	1.2207	-89.8132	-3.0927	4.0375	40.0213 
0x50	14:55:18.167	-0.0229	-0.9126	-0.0171	6.5918	-1.0986	3.8452	-89.5166	-2.8125	4.0924	40.0213 
0x50	14:55:18.217	-0.0220	-0.9150	-0.0278	-7.4463	2.4414	3.9063	-89.8242	-2.5928	3.9990	40.0184 
0x50	14:55:18.268	-0.0244	-0.9146	-0.0220	-4.6997	-0.5493	-4.3945	-90.0879	-2.7301	4.0265	40.0213 
0x50	14:55:18.317	-0.0190	-0.9131	-0.0283	0.6714	-3.7231	-2.3804	-89.9835	-2.9169	4.2297	40.0213 
0x50	14:55:18.367	-0.0103	-0.9072	-0.0347	-6.2256	-0.7935	1.7090	-90.3351	-2.7576	4.2682	40.0125 
0x50	14:55:18.418	-0.0146	-0.9038	-0.0317	2.9297	-3.0518	-6.1646	-90.3131	-3.0103	4.4550	40.0301 
0x50	14:55:18.482	-0.0181	-0.9077	-0.0283	-0.7324	4.9438	4.0894	-90.3680	-2.7246	4.2078	40.0125 
0x50	14:55:18.518	-0.0088	-0.9204	-0.0244	1.7700	2.6855	-0.4272	-90.3845	-2.6312	3.9221	40.0213 
0x50	14:55:18.567	-0.0146	-0.9209	-0.0205	-0.3052	0.4272	2.3193	-90.4175	-2.4500	3.9001	40.0125 
0x50	14:55:18.617	-0.0234	-0.9238	-0.0347	7.2632	0.9155	4.9438	-90.2966	-2.1918	3.8397	40.0095 
0x50	14:55:18.667	-0.0210	-0.9229	-0.0273	-5.1270	-1.2207	1.4648	-90.5823	-2.0544	3.9001	40.0037 
0x50	14:55:18.716	-0.0176	-0.8994	-0.0352	4.0283	0.0000	0.9766	-90.6097	-2.0160	3.8782	40.0125 
0x50	14:55:18.766	-0.0249	-0.9146	-0.0269	-1.1597	-1.8311	9.9487	-90.6921	-1.4557	3.9661	40.0066 
0x50	14:55:18.816	-0.0327	-0.9170	-0.0220	-2.8076	1.9531	5.6152	-90.6592	-1.0931	3.9056	40.0125 
0x50	14:55:18.872	-0.0327	-0.9204	-0.0273	7.0190	-2.0142	-1.9531	-90.3351	-1.1261	4.0045	40.0095 
0x50	14:55:18.916	-0.0313	-0.9058	-0.0259	5.5542	1.0376	-1.3428	-90.2527	-1.0876	3.9880	40.0037 
0x50	14:55:18.966	-0.0313	-0.9277	-0.0210	1.2207	-2.3804	-4.2114	-90.2142	-1.2360	4.1089	40.0037 
0x50	14:55:19.016	-0.0298	-0.9014	-0.0308	0.0000	0.2441	0.3052	-90.4065	-1.1151	4.0759	40.0037 
0x50	14:55:19.065	-0.0264	-0.9087	-0.0322	0.7324	-1.4648	-1.7700	-90.4010	-1.1481	4.1473	40.0154 
0x50	14:55:19.115	-0.0361	-0.9028	-0.0273	2.1973	-1.7700	-0.2441	-90.4065	-1.1371	4.3121	40.0154