StartTime: 2020-01-03 12:55:25.884
address	Time(s)	ax(g)	ay(g)	az(g)	wx(deg/s)	wy(deg/s)	wz(deg/s)	AngleX(deg)	AngleY(deg)	AngleZ(deg)	T(°) 
0x50	14:49:06.161	-0.1606	-0.0703	0.9922	-1.7090	-0.7935	-0.2441	-4.4165	8.7396	-147.4146	39.7007 
0x50	14:49:06.215	-0.1689	-0.0732	0.9844	1.7700	0.0000	-2.6245	-4.4000	8.7341	-147.3871	39.6919 
0x50	14:49:06.308	-0.1621	-0.0742	0.9961	0.5493	0.0000	0.3052	-4.3396	8.7561	-147.4750	39.6889 
0x50	14:49:06.378	-0.1719	-0.0781	0.9790	1.6479	1.0376	-3.0518	-4.3835	8.7781	-147.4805	39.6772 
0x50	14:49:06.413	-0.1714	-0.0630	0.9917	1.5869	0.3052	-3.0518	-4.2957	8.8220	-147.6013	39.6919 
0x50	14:49:06.454	-0.1577	-0.0801	1.0024	-0.6104	0.0000	0.0000	-4.3451	8.8220	-147.5684	39.6801 
0x50	14:49:06.502	-0.1797	-0.0620	1.0039	-0.9155	0.0000	0.9155	-4.4220	8.8385	-147.4695	39.6772 
0x50	14:49:06.551	-0.1606	-0.0728	0.9902	2.9907	0.7935	-4.6997	-4.2902	8.8660	-147.6343	39.6860 
0x50	14:49:06.600	-0.1665	-0.0757	0.9922	-0.3052	0.0000	1.1597	-4.3066	8.8715	-147.6233	39.6772 
0x50	14:49:06.650	-0.1631	-0.0664	1.0000	0.6104	0.7324	-0.7935	-4.2737	8.9154	-147.6727	39.6919 
0x50	14:49:06.697	-0.1592	-0.0776	1.0132	6.0425	1.7090	-7.7515	-4.1034	8.9484	-148.0078	39.6801 
0x50	14:49:06.730	-0.1489	-0.0571	0.9990	1.8311	1.7090	2.8076	-3.9771	9.0363	-147.8705	39.6889 
0x50	14:49:06.779	-0.1646	-0.0757	1.0005	-1.4038	-1.8311	8.4839	-3.9990	8.9648	-147.5189	39.6860 
0x50	14:49:06.829	-0.1641	-0.0913	1.0200	-0.5493	0.6104	8.7891	-3.9825	9.0253	-147.0740	39.6860 
0x50	14:49:06.877	-0.1797	-0.0625	0.9692	8.0566	1.8921	4.7607	-3.5706	9.1516	-146.8762	39.6860 
0x50	14:49:06.926	-0.1592	-0.0532	1.0146	2.1973	2.5635	2.0752	-3.4387	9.2780	-146.7773	39.6831 
0x50	14:49:06.975	-0.1724	-0.0767	0.9448	10.8032	5.3711	-12.3291	-3.1366	9.4647	-146.9641	39.6801 
0x50	14:49:07.024	-0.1606	-0.0405	1.0034	5.1270	2.1362	-11.5967	-2.9663	9.5306	-147.5574	39.6831 
0x50	14:49:07.073	-0.1909	-0.0166	0.9844	0.9766	5.4932	21.9116	-2.9608	9.7174	-146.5906	39.6801 
0x50	14:49:07.122	-0.1665	-0.0601	1.0610	2.9907	12.8784	12.7563	-2.7191	10.3711	-145.9753	39.6801 
0x50	14:49:07.172	-0.2373	0.0195	0.9922	16.5405	0.0000	49.1333	-1.7139	10.5139	-144.2395	39.6742 
0x50	14:49:07.220	-0.1958	-0.0518	0.9780	13.6719	1.3428	37.9028	-0.7196	10.6458	-142.3169	39.6801 
0x50	14:49:07.269	-0.1978	-0.0171	0.9160	7.6294	-1.0986	-2.8076	-0.5768	10.4535	-141.3171	39.6772 
0x50	14:49:07.318	-0.2026	-0.0103	0.9761	12.5122	7.7515	-2.2583	0.0110	10.8600	-141.4380	39.6742 
0x50	14:49:07.366	-0.2148	0.0659	1.0732	-4.0283	-12.2681	9.4604	0.1263	10.6183	-140.8557	39.6742 
0x50	14:49:07.415	-0.1797	-0.0073	1.0210	2.9297	-20.3247	2.6855	0.2802	9.6021	-140.7184	39.6742 
0x50	14:49:07.464	-0.1572	0.0142	0.9937	5.4321	-19.1040	37.7808	0.5658	8.8605	-138.9441	39.6684 
0x50	14:49:07.513	-0.1641	0.0234	1.0239	-15.0146	-42.1143	89.2944	0.4834	6.7456	-134.4507	39.6742 
0x50	14:49:07.570	-0.1123	-0.0327	1.0117	5.5542	-62.0117	22.8882	0.8569	4.0540	-133.4180	39.6654 
0x50	14:49:07.611	-0.1045	-0.0063	0.9688	-20.3857	-29.5410	54.8706	0.0000	2.6093	-130.6824	39.6625 
0x50	14:49:07.660	-0.0464	-0.0171	0.9937	-1.5259	-15.6250	10.8032	-0.1263	1.8512	-129.8804	39.6536 
0x50	14:49:07.708	-0.0591	-0.0005	1.0166	-1.7090	-29.6021	7.2632	-0.1978	0.4230	-129.5123	39.6713 
0x50	14:49:07.757	-0.0029	-0.0088	1.0972	-10.1318	-42.0532	-6.2866	-0.5603	-1.3458	-129.6826	39.6625 
0x50	14:49:07.806	0.0190	-0.0044	0.9546	-22.8271	-118.1641	-84.8999	-1.4722	-7.2235	-133.8464	39.6654 
0x50	14:49:07.904	0.1729	-0.0371	1.0269	9.4604	-119.2627	28.2593	-1.2195	-13.3484	-132.9236	39.6625 
0x50	14:49:07.968	0.2412	-0.0376	0.8779	-35.6445	-143.7378	47.1802	-3.6914	-20.3851	-130.2429	39.6625 
0x50	14:49:08.002	0.3716	-0.0757	0.8564	-11.9629	-98.6938	17.2119	-4.5044	-25.6641	-128.8477	39.6684 
0x50	14:49:08.050	0.4160	-0.0635	0.8979	1.7090	-57.2510	29.0527	-5.2295	-28.3392	-126.9745	39.6742 
0x50	14:49:08.099	0.4365	-0.0815	0.7275	11.9019	-62.6831	-40.3442	-4.8779	-31.2781	-128.1665	39.6625 
0x50	14:49:08.148	0.5020	-0.0649	0.8853	-4.2114	-63.1104	-10.1318	-4.9219	-34.3817	-128.4412	39.6625 
0x50	14:49:08.196	0.5698	-0.0869	0.7417	-3.7231	-78.3691	-24.5361	-5.2899	-38.2544	-128.9410	39.6654 
0x50	14:49:08.245	0.6021	-0.0723	0.7368	-13.1226	-68.2373	-18.6768	-5.4547	-41.7041	-129.7321	39.6536 
0x50	14:49:08.294	0.6455	-0.0601	0.6592	-29.4800	-56.6406	-2.6855	-6.7676	-44.6979	-129.6167	39.6654 
0x50	14:49:08.328	0.6816	-0.0679	0.6177	-4.8828	-64.8193	-33.3252	-5.7019	-48.1146	-131.4569	39.6625 
0x50	14:49:08.377	0.7036	-0.0562	0.5693	-16.9067	-61.2793	31.6772	-8.0530	-51.0919	-129.0894	39.6654 
0x50	14:49:08.425	0.7222	-0.0654	0.5137	25.6348	-68.6646	-21.8506	-5.9766	-54.6515	-130.1166	39.6684 
0x50	14:49:08.474	0.7954	-0.0381	0.5044	-12.7563	-63.9648	-5.7983	-5.3394	-58.0243	-130.6879	39.6654 
0x50	14:49:08.523	0.7827	-0.0435	0.4272	23.0103	-60.1196	-3.6011	-4.3561	-61.0510	-130.5176	39.6713 
0x50	14:49:08.591	0.7827	-0.0562	0.3306	-7.2632	-56.8848	10.4980	-5.7788	-64.1876	-129.4629	39.6742 
0x50	14:49:08.621	0.8623	-0.0317	0.3569	-17.0898	-66.1621	-14.5264	-5.7788	-67.5659	-130.3857	39.6742 
0x50	14:49:08.670	0.8662	-0.0073	0.2114	12.2070	-77.6978	-39.0015	-1.9171	-71.6418	-134.8132	39.6684 
0x50	14:49:08.720	0.8657	0.0322	0.2354	-10.8032	-78.4302	-36.1328	3.3069	-75.5914	-140.7294	39.6772 
0x50	14:49:08.767	0.9775	0.0488	0.1938	10.8032	-84.1675	-33.2031	11.4697	-79.4806	-148.6395	39.6860 
0x50	14:49:08.817	0.8394	0.0645	0.0205	19.4092	-96.1914	-57.4341	37.2986	-83.3038	-173.6554	39.6860 
0x50	14:49:08.865	0.9722	0.1563	0.0864	-19.1040	-83.8013	-40.4663	81.8097	-84.9847	141.6302	39.6860 
0x50	14:49:08.914	0.8364	0.1675	-0.1479	10.0098	-67.9932	-34.3018	119.7510	-82.4963	103.7878	39.6831 
0x50	14:49:08.963	0.8887	0.1992	-0.1538	9.0942	-38.6353	-23.1934	128.6060	-80.4199	95.0812	39.6860 
0x50	14:49:09.012	0.8159	0.1479	-0.1685	24.9634	-53.1006	6.9580	140.8502	-78.9752	83.5895	39.6860 
0x50	14:49:09.061	0.8735	0.1802	-0.3052	19.2261	-78.7354	35.4614	157.0331	-75.9485	67.7747	39.6889 
0x50	14:49:09.110	0.8838	0.1216	-0.2656	19.0430	-76.0498	34.6680	168.8763	-73.3392	56.4313	39.6889 
0x50	14:49:09.159	0.7778	0.1016	-0.3853	6.2866	-77.1484	0.6104	173.8257	-69.0985	51.4325	39.7007 
0x50	14:49:09.212	0.8755	0.1201	-0.4224	8.4839	-67.1997	-9.9487	173.5455	-65.8191	51.8060	39.7125 
0x50	14:49:09.256	0.8330	0.1421	-0.4502	10.1318	-79.3457	-9.5215	173.1720	-62.0673	52.6190	39.7125 
0x50	14:49:09.305	0.7261	0.1074	-0.5352	25.5737	-106.9946	-23.9868	173.7268	-57.0905	53.0200	39.7007 
0x50	14:49:09.354	0.6865	0.1279	-0.6074	8.8501	-55.2979	-3.7231	174.6606	-53.8550	52.5146	39.7095 
0x50	14:49:09.403	0.6479	0.0991	-0.6289	11.7798	-53.4058	8.6670	175.6329	-51.2018	51.8555	39.7272 
0x50	14:49:09.501	0.6235	0.0786	-0.6870	19.4092	-40.3442	24.5361	178.0554	-48.8782	49.8120	39.7154 
0x50	14:49:09.550	0.6475	0.0762	-0.6797	4.3945	-11.6577	0.2441	178.9508	-47.8235	49.1254	39.7272 
0x50	14:49:09.612	0.5957	0.0747	-0.7236	1.7700	0.8545	-9.0942	178.4454	-47.6917	49.8065	39.7242 
0x50	14:49:09.648	0.6182	0.0698	-0.7124	8.8501	-4.3945	8.4839	179.2529	-47.3676	49.2902	39.7213 
0x50	14:49:09.696	0.6035	0.0669	-0.6865	0.0000	5.5542	4.3945	179.3903	-47.5214	48.9716	39.7448 
0x50	14:49:09.745	0.6187	0.0581	-0.6812	4.0894	3.6621	8.1787	179.8462	-47.6367	48.4772	39.7331 
0x50	14:49:09.794	0.6299	0.0557	-0.6816	-0.9155	3.4790	-1.7090	179.6210	-47.7081	48.6035	39.7360 
0x50	14:49:09.846	0.6396	0.0586	-0.7183	6.2256	-3.3569	4.3335	179.7858	-47.5598	48.5321	39.7536 
0x50	14:49:09.892	0.6294	0.0464	-0.6895	6.5918	-4.1504	6.2866	-179.6265	-47.2522	48.0652	39.7536 
0x50	14:49:09.925	0.6094	0.0464	-0.7119	-1.0986	4.6387	-1.6479	179.8846	-47.4445	48.3783	39.7625 
0x50	14:49:09.974	0.6396	0.0459	-0.6978	-1.5259	9.7656	6.9580	-179.8901	-47.8290	47.8674	39.7625 
0x50	14:49:10.023	0.6323	0.0806	-0.7046	-10.9863	71.3501	-10.8643	178.8080	-50.5151	48.6914	39.7684 
0x50	14:49:10.072	0.7080	0.0386	-0.6777	-18.7988	86.4258	2.3804	177.8522	-54.6844	48.6749	39.7860 
0x50	14:49:10.121	0.5908	-0.0225	-0.5454	2.1362	130.3101	41.6260	-177.6379	-60.1666	45.8734	39.7801 
0x50	14:49:10.170	0.9551	0.0166	-0.4355	-46.5088	170.1050	-27.5879	174.9023	-68.6426	48.8782	39.7801 
0x50	14:49:10.233	0.6465	0.0444	-0.3359	-2.8687	97.5342	9.7656	174.1718	-72.9657	49.1638	39.7948 
0x50	14:49:10.267	0.9453	-0.0146	-0.3853	-37.1094	119.2017	16.3574	-176.6821	-78.7445	46.6699	39.8066 
0x50	14:49:10.316	1.0459	0.1260	-0.0903	-22.2778	168.7622	-33.6304	130.3748	-84.9023	68.4723	39.8007 
0x50	14:49:10.365	0.8115	0.0928	-0.0215	-10.9863	132.6904	42.2974	36.9031	-89.8462	162.1307	39.7919 
0x50	14:49:10.414	0.8130	0.0703	0.0693	-4.8218	101.5015	-5.9204	9.2340	-85.2759	-130.1770	39.8036 
0x50	14:49:10.463	0.9351	0.0947	0.1904	4.2725	119.1406	-11.4136	6.8170	-79.2279	-127.1338	39.8125 
0x50	14:49:10.511	0.8301	0.1016	0.2485	-3.3569	99.3652	-45.8984	13.7823	-73.3887	-134.1211	39.8213 
0x50	14:49:10.559	0.8872	0.1997	0.4014	4.5166	121.3989	-28.0762	13.9911	-67.0496	-133.8354	39.8272 
0x50	14:49:10.628	0.7910	0.1406	0.4375	-14.3433	30.7617	10.9863	12.2992	-64.7919	-132.3413	39.8242 
0x50	14:49:10.659	0.7534	0.1318	0.4072	-2.5635	69.5190	34.6680	7.4982	-61.6718	-126.9305	39.8242 
0x50	14:49:10.706	0.7695	0.1304	0.5581	-9.2163	60.0586	-1.3428	6.1798	-58.2440	-125.6781	39.8478 
0x50	14:49:10.755	0.7690	0.1196	0.6177	-30.0903	62.4390	31.6162	1.9336	-55.1733	-122.2284	39.8184 
0x50	14:49:10.804	0.7388	0.0786	0.6787	0.1831	21.8506	47.2412	-1.7743	-53.0475	-118.4491	39.8419 
0x50	14:49:10.854	0.6035	0.0269	0.6401	12.8784	59.5703	27.8320	-2.6917	-49.8724	-116.3507	39.8389 
0x50	14:49:10.902	0.6411	0.0376	0.7275	3.7231	54.1382	24.7803	-4.0814	-46.6809	-114.2743	39.8448 
0x50	14:49:10.951	0.5420	-0.0200	0.7095	15.6250	57.6782	57.1289	-5.9216	-43.4399	-110.5115	39.8507 
0x50	14:49:11.001	0.5967	0.0405	0.9106	39.7339	109.7412	36.4380	-5.7843	-38.9301	-108.6218	39.8389 
0x50	14:49:11.097	0.3794	-0.0254	0.7290	42.5415	102.8442	33.2642	-4.4934	-33.5028	-107.1497	39.8389 
0x50	14:49:11.147	0.4717	0.0103	1.0259	50.2930	80.7495	-115.4175	-0.2417	-29.5642	-111.7694	39.8448 
0x50	14:49:11.195	0.3818	0.2183	0.8311	39.3066	37.6587	-69.1528	3.8672	-27.5482	-115.6915	39.8389 
0x50	14:49:11.256	0.1821	-0.0220	0.8984	-23.8037	44.1895	110.1685	-2.8949	-25.4773	-105.2380	39.8537 
0x50	14:49:11.302	0.2529	-0.0220	0.9331	-7.8735	12.8784	-7.7515	-3.0542	-24.6588	-105.7050	39.8566 
0x50	14:49:11.342	0.3232	0.1768	1.0337	15.5640	25.8179	-93.8721	0.8130	-23.7250	-112.8900	39.8507 
0x50	14:49:11.391	0.3555	0.0063	0.9014	-5.0659	23.1323	-7.8735	0.7141	-22.5385	-113.3020	39.8507 
0x50	14:49:11.439	0.1743	0.1050	0.9932	-3.9063	24.7192	25.6348	-0.3680	-21.5771	-111.4508	39.8566 
0x50	14:49:11.488	0.2441	-0.0283	0.8213	-10.9253	-12.8784	-18.7988	-0.3790	-21.8408	-111.8848	39.8566 
0x50	14:49:11.521	0.2607	0.0527	1.0015	4.3945	23.4375	-23.0103	-0.0439	-20.1215	-112.1759	39.8478 
0x50	14:49:11.570	0.1875	0.0879	0.9385	-6.4697	26.0010	-4.2725	-0.1538	-18.7097	-112.3517	39.8360 
0x50	14:49:11.619	0.1587	0.0361	0.9048	-8.4839	37.5366	-35.4614	-0.5383	-17.4792	-113.1647	39.8448 
0x50	14:49:11.668	0.1875	0.0425	1.0259	18.6768	72.8760	-15.8081	0.5383	-13.9636	-114.4940	39.8272 
0x50	14:49:11.716	0.1138	0.0654	0.9980	-9.6436	18.5547	-39.0015	0.5383	-12.8375	-116.4111	39.8478 
0x50	14:49:11.765	0.1284	0.0864	1.0439	-4.8218	6.2866	-6.5308	0.5658	-12.1014	-117.0538	39.8478 
0x50	14:49:11.829	0.1382	0.0215	1.0029	-13.2446	-0.4883	6.1646	-0.3571	-12.3486	-116.4111	39.8507 
0x50	14:49:11.863	0.1523	0.0239	1.0225	4.0283	33.1421	24.9634	-0.4724	-10.9039	-115.4883	39.8537 
0x50	14:49:11.912	0.0742	0.0278	0.9810	-42.2974	96.6797	60.9741	-3.9935	-7.1686	-111.6046	39.8478 
0x50	14:49:11.961	-0.1245	0.0791	1.0283	-42.5415	103.5156	112.5488	-5.8722	-1.7908	-107.4847	39.8389 
0x50	14:49:12.010	-0.2373	-0.0015	0.9946	50.6592	128.5400	-29.8462	-4.9109	4.0704	-107.8143	39.8448 
0x50	14:49:12.059	-0.2075	-0.0522	1.0083	27.2217	154.9072	-56.0303	-3.8232	11.2720	-111.3574	39.8654 
0x50	14:49:12.108	-0.2700	-0.1206	0.9526	-16.4185	71.4111	24.0479	-4.1309	15.0293	-111.2585	39.8478 
0x50	14:49:12.157	-0.4150	-0.0356	0.9678	-12.7563	99.8535	32.8369	-4.0430	19.5007	-110.0995	39.8272 
0x50	14:49:12.225	-0.4917	-0.0083	0.9204	38.4521	57.6782	6.0425	-2.4939	23.1976	-109.3250	39.8507 
0x50	14:49:12.253	-0.4873	-0.0449	0.9155	9.9487	62.1948	-4.1504	-1.9611	26.4716	-109.7644	39.8272 
0x50	14:49:12.303	-0.5698	-0.0063	0.8662	-9.7046	104.0649	27.4658	-1.7853	31.7780	-108.4076	39.8213 
0x50	14:49:12.351	-0.6460	0.0063	0.8164	34.3018	88.5620	6.5918	-0.2747	36.6998	-107.4738	39.8360 
0x50	14:49:12.400	-0.7217	0.0186	0.8013	35.4614	106.8726	16.7847	2.1698	42.0612	-106.3641	39.8360 
0x50	14:49:12.450	-0.8228	0.0894	0.7031	-3.6011	110.9619	38.8184	3.9716	47.6642	-103.4473	39.8301 
0x50	14:49:12.499	-0.8276	0.0337	0.6611	85.0830	94.9097	-46.0815	5.9656	52.5806	-106.3751	39.8331 
0x50	14:49:12.548	-0.8994	0.0488	0.6104	11.5967	115.2344	2.6855	8.0310	58.1946	-105.7269	39.8272 
0x50	14:49:12.596	-0.9692	0.1777	0.4502	-4.2725	92.5293	11.9629	10.2173	62.7155	-103.2166	39.8242 
0x50	14:49:12.694	-0.9634	0.0605	0.4556	20.3857	48.2178	-15.6860	10.7941	65.3412	-104.5898	39.8331 
0x50	14:49:12.743	-1.0254	0.1191	0.4243	-64.2090	45.4712	25.5737	11.4313	67.3297	-100.4645	39.8125 
0x50	14:49:12.791	-1.0806	0.2075	0.3281	-10.9863	70.1904	54.1992	19.6216	70.3070	-90.1978	39.8184 
0x50	14:49:12.844	-1.0430	0.1182	0.3013	-20.2026	91.5527	34.6680	28.2623	73.9215	-79.9091	39.8066 
0x50	14:49:12.890	-1.0186	0.2246	0.1343	20.0195	110.5347	28.0151	45.4779	77.9041	-62.2705	39.8213 
0x50	14:49:12.938	-1.0610	0.1846	0.1401	79.5288	60.2417	-6.1035	59.5569	80.0739	-51.8994	39.8095 
0x50	14:49:12.987	-1.0713	0.1738	0.0771	31.9824	44.6167	-6.4087	71.4001	81.7657	-41.7755	39.8125 
0x50	14:49:13.036	-1.0991	0.2061	0.0132	25.5737	49.8657	3.7842	89.9890	82.1338	-24.3127	39.8066 
0x50	14:49:13.085	-1.1338	0.2432	-0.0078	9.4604	50.7202	-7.8125	109.8633	81.9415	-4.3781	39.8154 
0x50	14:49:13.118	-1.0850	0.1714	-0.0444	10.6201	15.4419	-0.6714	115.3290	81.6724	0.7965	39.8036 
0x50	14:49:13.168	-1.0820	0.2046	-0.0791	-0.3662	27.5879	14.0381	120.7013	80.4803	6.6412	39.8036 
0x50	14:49:13.216	-1.0728	0.2158	-0.0933	-2.6855	31.3721	29.7241	123.5577	78.3710	9.8767	39.8125 
0x50	14:49:13.266	-1.0386	0.2236	-0.1245	2.6245	11.4136	11.4136	125.4364	77.5140	11.7389	39.8095 
0x50	14:49:13.314	-1.1001	0.2744	-0.1196	-4.3335	8.1787	6.5918	125.6067	76.9647	12.3871	39.8036 
0x50	14:49:13.362	-1.0786	0.2412	-0.1265	-10.1929	7.4463	-0.8545	126.6064	76.8384	13.9362	39.8036 
0x50	14:49:13.411	-1.0767	0.2568	-0.1460	-7.4463	7.8735	5.8594	126.6888	76.3275	14.5514	39.8007 
0x50	14:49:13.462	-1.0586	0.2461	-0.1436	3.6621	0.5493	-12.5122	127.6062	76.4374	15.6171	39.7919 
0x50	14:49:13.509	-1.0586	0.2314	-0.1455	-2.3804	-1.5869	-15.0146	129.0289	77.0526	17.3419	39.7948 
0x50	14:49:13.558	-1.0737	0.2051	-0.1318	-3.3569	-9.2163	-13.2446	129.5343	77.8381	18.1824	39.7919 
0x50	14:49:13.607	-1.0908	0.2280	-0.1304	-5.3101	-20.9351	-14.4653	127.3975	79.0137	16.4410	39.7919 
0x50	14:49:13.657	-1.0835	0.2021	-0.0918	-23.2544	-52.3071	-32.1045	120.6409	81.5186	10.7172	39.7801 
0x50	14:49:13.705	-1.1162	0.1748	-0.0405	-20.0806	-70.4346	-25.3296	100.3162	84.1553	-8.7122	39.8036 
0x50	14:49:13.753	-1.0444	0.1177	0.0161	-24.1699	-101.8066	-66.7725	43.8409	86.8909	-64.1602	39.7801 
0x50	14:49:13.802	-1.0488	0.1016	0.1035	-8.4229	-129.7607	-51.4526	-19.4073	81.9525	-128.3368	39.7684 
0x50	14:49:13.856	-1.0479	0.0439	0.2832	21.6675	-178.7109	-44.3115	-13.5516	72.7789	-123.9093	39.7831 
0x50	14:49:13.900	-0.9312	0.0078	0.4287	41.0767	-215.3931	-73.3643	-13.9911	61.4685	-126.8811	39.7801 
0x50	14:49:13.949	-0.8730	-0.0640	0.5889	-43.5791	-186.2793	-22.2778	-14.4031	52.0313	-125.5627	39.7801 
0x50	14:49:13.998	-0.8335	-0.0239	0.7041	-40.6494	-156.4941	-20.1416	-14.9908	44.2804	-124.0192	39.7801 
0x50	14:49:14.047	-0.6938	-0.1250	0.8018	-25.2075	-142.4561	-5.0659	-14.4910	36.6943	-122.5305	39.7978 
0x50	14:49:14.095	-0.5801	-0.1040	0.8906	-9.3384	-147.5220	-54.3213	-15.3094	28.9105	-123.4479	39.7684 
0x50	14:49:14.144	-0.5034	-0.1167	0.8613	15.0757	-116.0889	-8.9722	-14.3701	22.8021	-122.2449	39.7772 
0x50	14:49:14.193	-0.3320	-0.1377	1.0347	5.2490	-133.3618	-50.5371	-14.2767	15.7159	-123.0963	39.7801 
0x50	14:49:14.305	-0.2881	-0.1128	0.9072	7.6904	-132.3242	-52.1851	-14.2548	8.2178	-123.0853	39.7742 
0x50	14:49:14.339	-0.0903	-0.1450	0.9766	29.2358	-104.7363	-42.6636	-12.8979	2.0764	-124.5300	39.7684 
0x50	14:49:14.388	0.0200	-0.0571	1.0225	56.4575	-114.5020	7.3853	-10.2338	-2.3895	-123.0908	39.7684 
0x50	14:49:14.437	0.0327	-0.0889	0.9492	49.3774	-134.5825	24.9023	-7.5916	-9.5087	-121.0199	39.7654 
0x50	14:49:14.485	0.0166	0.0254	0.9546	74.3408	-44.0674	27.2217	-3.9771	-11.8597	-118.5095	39.7654 
0x50	14:49:14.534	0.1733	0.0176	1.0142	56.0303	-28.5034	1.2207	-0.2142	-13.2660	-118.4930	39.7684 
0x50	14:49:14.583	0.1060	0.0620	0.9087	20.9351	-14.6484	-3.8452	-0.1758	-13.6560	-117.6581	39.7566 
0x50	14:49:14.632	0.1582	0.0991	1.0181	25.2075	3.6621	-40.2222	1.9775	-13.5461	-119.6027	39.7654 
0x50	14:49:14.681	0.1626	0.0991	0.9644	41.5649	39.1235	-60.3638	4.6252	-11.9696	-122.6019	39.7684 
0x50	14:49:14.714	0.1226	0.1465	0.9556	-14.4043	21.4844	-9.6436	4.8285	-10.3381	-124.1565	39.7536 
0x50	14:49:14.764	0.1104	0.1460	0.9463	16.7847	38.3911	-43.7012	6.3995	-8.3551	-126.6559	39.7566 
0x50	14:49:14.812	0.0591	0.2085	1.0386	-16.0522	31.7993	16.7236	6.0590	-6.4819	-126.2384	39.7448 
0x50	14:49:14.880	0.0732	0.1748	1.0132	-1.4648	14.6484	15.1978	6.0260	-5.6580	-125.4419	39.7625 
0x50	14:49:14.910	0.0742	0.1440	1.0376	21.4233	14.4043	-66.7114	6.7786	-4.6857	-127.3425	39.7448 
0x50	14:49:14.958	0.0781	0.1709	1.0444	-30.7007	0.6714	20.2026	5.2350	-4.7516	-126.3318	39.7478 
0x50	14:49:15.007	0.0156	0.1396	1.0273	-11.1084	16.0522	38.2080	4.5209	-4.0869	-124.5190	39.7448 
0x50	14:49:15.056	-0.0044	0.1172	0.9922	-25.7568	16.2964	41.8091	3.1531	-3.3508	-122.3657	39.7536 
0x50	14:49:15.106	-0.0762	0.1201	0.9976	-38.3911	27.0386	65.9790	1.5381	-1.5161	-120.6354	39.7448 
0x50	14:49:15.155	-0.0479	0.0918	0.9883	5.6152	17.4561	-50.6592	1.9446	-0.4999	-123.1403	39.7448 
0x50	14:49:15.204	-0.0781	0.0757	0.9741	2.9907	11.2305	-28.6865	1.6370	0.0934	-123.8214	39.7360 
0x50	14:49:15.251	-0.0273	0.0820	1.0273	1.5259	1.6479	-29.2358	1.7688	0.2472	-125.2826	39.7448 
0x50	14:49:15.300	-0.0815	0.0918	0.9893	14.0381	12.4512	-33.1421	1.7303	0.9119	-126.2549	39.7389 
0x50	14:49:15.349	-0.0337	0.0903	1.0801	-27.8320	0.2441	20.5688	0.4340	0.9174	-125.2277	39.7478 
0x50	14:49:15.398	-0.0513	0.0679	1.0381	12.0850	-1.8311	-12.9395	0.8295	1.0327	-125.6616	39.7272 
0x50	14:49:15.446	-0.0757	0.0669	1.0317	-18.7378	1.9531	36.8652	0.0000	1.1755	-123.8159	39.7331 
0x50	14:49:15.504	-0.0889	0.0469	1.0210	7.8735	0.6714	2.1973	0.0275	1.3458	-122.9205	39.7536 
0x50	14:49:15.545	-0.0669	0.0557	1.0225	-10.4370	6.5308	-0.6104	-0.4230	1.7139	-122.9480	39.7331 
0x50	14:49:15.594	-0.0923	0.0474	1.0283	11.4746	-1.9531	-26.9775	0.0494	1.9336	-123.9862	39.7331 
0x50	14:49:15.643	-0.0713	0.0366	0.9966	-5.7983	-3.2349	6.6528	-0.1813	1.8127	-123.6566	39.7331 
0x50	14:49:15.691	-0.0811	0.0425	1.0356	-2.8076	0.3052	7.8735	-0.1758	2.0435	-123.3545	39.7184 
0x50	14:49:15.740	-0.1045	0.0381	0.9927	-8.3008	-0.1831	22.3389	-0.4999	2.1149	-122.2394	39.7272 
0x50	14:49:15.789	-0.0913	0.0361	1.0254	5.6763	-2.5635	-10.0708	-0.2911	2.1973	-122.5305	39.7213 
0x50	14:49:15.906	-0.0815	0.0391	1.0171	-5.4321	-5.1270	-7.9956	-0.5273	1.9885	-122.9260	39.7389 
0x50	14:49:15.936	-0.0708	0.0396	1.0093	-3.9063	4.2725	-9.2163	-0.5603	2.2083	-123.2721	39.7242 
0x50	14:49:15.984	-0.0771	0.0244	0.9912	-4.5776	-2.0142	11.7798	-0.7251	2.1588	-122.6788	39.7272 
0x50	14:49:16.033	-0.0791	0.0283	1.0024	-2.4414	0.0000	-4.8828	-0.7416	2.2742	-122.8876	39.7301 
0x50	14:49:16.082	-0.0864	0.0273	1.0225	0.7935	-0.2441	5.0049	-0.6482	2.3126	-122.6349	39.7301 
0x50	14:49:16.131	-0.0854	0.0171	1.0078	-5.1880	-6.8970	6.4697	-0.9723	2.0764	-122.2723	39.7242 
0x50	14:49:16.180	-0.0996	0.0166	0.9937	1.4038	2.3804	1.9531	-0.8624	2.2687	-122.1735	39.7184 
0x50	14:49:16.228	-0.0806	0.0225	1.0068	-1.2207	-0.1831	2.8076	-0.8459	2.3291	-122.1790	39.7301 
0x50	14:49:16.277	-0.0889	0.0083	0.9922	-11.2915	0.6104	7.2632	-1.3623	2.4225	-121.8164	39.7184 
0x50	14:49:16.311	-0.0840	0.0117	1.0244	-5.3711	-1.0376	4.6997	-1.5216	2.4884	-121.6571	39.7242 
0x50	14:49:16.360	-0.0747	0.0078	0.9995	-4.1504	-0.7324	7.1411	-1.6699	2.4939	-121.3000	39.7213 
0x50	14:49:16.408	-0.0825	0.0083	1.0049	-1.8921	2.5024	4.0894	-1.6974	2.6038	-121.0364	39.7154 
0x50	14:49:16.458	-0.0859	0.0093	1.0186	-0.7935	3.8452	-1.7700	-1.6974	2.8345	-121.1298	39.7095 
0x50	14:49:16.506	-0.0854	0.0117	1.0093	-4.5166	4.1504	6.4087	-1.7249	3.0762	-121.0419	39.7213 
0x50	14:49:16.555	-0.0947	0.0054	1.0020	-2.3804	4.2725	3.1128	-1.7963	3.3344	-120.8936	39.7125 
0x50	14:49:16.604