StartTime: 2019-12-31 14:44:09.151
address	Time(s)	ax(g)	ay(g)	az(g)	wx(deg/s)	wy(deg/s)	wz(deg/s)	AngleX(deg)	AngleY(deg)	AngleZ(deg)	T(°) 
0x50	14:54:21.089	-0.0537	0.1626	1.0063	3.4790	0.4272	8.4229	9.0912	3.3838	-15.4907	40.6360 
0x50	14:54:21.140	-0.0513	0.1631	1.0195	-1.6479	-0.1831	6.3477	9.0912	3.2904	-15.1447	40.6331 
0x50	14:54:21.189	-0.0464	0.1582	0.9995	0.6714	-1.2207	2.3804	9.0692	3.2465	-14.9908	40.6360 
0x50	14:54:21.239	-0.0278	0.1685	1.0117	0.9766	1.1597	-8.2397	9.1571	3.2739	-15.4248	40.6331 
0x50	14:54:21.289	-0.0527	0.1567	0.9971	7.0190	-4.3945	1.7090	9.2560	2.9608	-15.2161	40.6419 
0x50	14:54:21.339	-0.0488	0.1738	1.0386	5.4932	2.7466	-1.9531	9.5746	3.1256	-15.3918	40.6390 
0x50	14:54:21.399	-0.0586	0.1729	1.0127	2.8076	0.1831	-2.9907	9.6954	3.1641	-15.4907	40.6213 
0x50	14:54:21.439	-0.0518	0.1699	0.9922	-5.4321	0.5493	2.0142	9.3439	3.2629	-15.4138	40.6419 
0x50	14:54:21.488	-0.0557	0.1797	1.0039	7.8735	-7.2021	7.9346	9.6515	2.9773	-15.3204	40.6302 
0x50	14:54:21.539	-0.0557	0.1934	0.9951	-6.1646	0.5493	17.5781	9.4208	2.8619	-14.4525	40.6302 
0x50	14:54:21.588	-0.0469	0.1577	1.0327	-14.0991	5.6763	6.7139	8.9539	3.0157	-14.3701	40.6272 
0x50	14:54:21.638	-0.0547	0.1489	1.0215	-25.8789	19.6533	13.2446	7.7124	3.8782	-13.5681	40.6125 
0x50	14:54:21.687	-0.0542	0.1060	1.0249	-44.6167	-10.9253	-15.9912	5.6470	3.8727	-14.4745	40.6154 
0x50	14:54:21.737	-0.0850	0.0835	1.0781	-63.8428	-2.0752	-11.1694	2.4445	3.8287	-15.0458	40.6125 
0x50	14:54:21.793	-0.0742	0.0112	1.0044	-69.7021	16.7236	6.4697	-1.0437	4.6527	-14.7382	40.6243 
0x50	14:54:21.837	-0.0884	-0.0352	0.9868	-78.7964	7.8125	-17.8223	-5.0153	5.0153	-15.6500	40.6125 
0x50	14:54:21.887	-0.1494	-0.1724	0.9702	-101.0132	41.5649	-22.4609	-10.1459	6.6632	-16.3641	40.6213 
0x50	14:54:21.937	-0.1001	-0.1958	0.9150	-128.6621	23.6816	-23.9868	-16.6937	7.5531	-17.7869	40.6243 
0x50	14:54:21.987	-0.1328	-0.3457	0.9609	-134.3994	22.7661	-29.5410	-23.0658	8.4045	-19.5172	40.6066 
0x50	14:54:22.037	-0.1094	-0.3799	0.8716	-78.9185	-20.8130	-12.7563	-26.9824	7.1796	-19.6765	40.6125 
0x50	14:54:22.087	-0.0928	-0.4839	0.8306	-111.3892	-47.0581	-11.6577	-32.7393	4.8285	-19.1492	40.6066 
0x50	14:54:22.137	-0.0591	-0.5327	0.7549	-90.8203	-23.2544	9.6436	-37.1777	4.1199	-18.1000	40.6037 
0x50	14:54:22.188	-0.0581	-0.6563	0.7646	-117.3096	-31.9824	23.1934	-42.4292	3.5046	-16.2927	40.6096 
0x50	14:54:22.238	-0.0737	-0.6489	0.6436	-118.4082	-4.8828	39.3677	-48.2135	4.6967	-14.6997	40.6066 
0x50	14:54:22.287	-0.0874	-0.7476	0.5889	-102.0508	-11.8408	19.1040	-53.0969	5.1416	-13.5791	40.5949 
0x50	14:54:22.337	-0.1021	-0.7725	0.4854	-111.0229	-7.2021	44.7998	-58.5077	6.7511	-11.9806	40.5949 
0x50	14:54:22.387	-0.1367	-0.7759	0.4116	-88.1958	1.2817	3.5400	-62.9407	7.4817	-11.7499	40.5978 
0x50	14:54:22.437	-0.1240	-0.8447	0.3545	-89.3555	0.0000	-1.2817	-67.4286	7.4323	-11.7773	40.6037 
0x50	14:54:22.485	-0.1328	-0.9136	0.2988	-75.3174	0.7324	-0.3052	-71.0980	7.5916	-11.7279	40.6037 
0x50	14:54:22.537	-0.1294	-0.8960	0.2261	-52.5513	-14.9536	-22.3389	-73.7347	6.3281	-11.3654	40.5949 
0x50	14:54:22.586	-0.1069	-0.9126	0.1812	-65.2466	-7.4463	-28.6255	-77.1350	4.8724	-11.1676	40.6007 
0x50	14:54:22.635	-0.0635	-0.9282	0.1470	-64.2700	-6.5918	-10.6812	-80.3595	4.2682	-10.9589	40.5919 
0x50	14:54:22.685	-0.0864	-0.8672	0.0269	-111.8164	4.0283	3.2349	-85.6549	4.3726	-11.0083	40.6037 
0x50	14:54:22.735	-0.0874	-0.9551	0.0078	-83.6792	4.2114	-5.7373	-89.8682	4.1199	-11.2335	40.5978 
0x50	14:54:22.800	-0.0435	-0.8662	-0.0962	-33.5083	11.8408	-14.0381	-92.6917	3.5815	-11.9312	40.5949 
0x50	14:54:22.836	-0.0493	-0.9736	-0.1206	3.6011	-2.7466	-8.7891	-92.5928	3.1421	-11.7773	40.6007 
0x50	14:54:22.885	-0.0708	-0.8682	-0.1406	-29.8462	5.9204	8.6060	-94.6033	3.8342	-12.0465	40.5949 
0x50	14:54:22.935	-0.0781	-0.9033	-0.1362	-11.1694	5.9204	-4.6997	-95.2460	3.6035	-12.3267	40.5949 
0x50	14:54:22.985	-0.0493	-0.9229	-0.1631	-4.1504	8.6060	2.0752	-95.8942	3.7408	-12.8485	40.5949 
0x50	14:54:23.035	-0.0708	-0.9077	-0.1519	3.6011	-0.1831	-7.6294	-95.7843	3.3838	-12.7991	40.6007 
0x50	14:54:23.085	-0.0557	-0.9346	-0.1548	13.8550	-2.0142	-3.6621	-95.0977	3.1201	-12.7332	40.5949 
0x50	14:54:23.135	-0.0605	-0.9019	-0.1655	-10.6201	3.1738	6.1646	-95.7349	3.4222	-12.9199	40.6037 
0x50	14:54:23.184	-0.0581	-0.8867	-0.1523	10.6812	-0.9155	-6.8359	-95.5316	3.2080	-13.0243	40.5949 
0x50	14:54:23.240	-0.0601	-0.9023	-0.1499	-0.4883	2.5024	1.4648	-95.3668	3.0927	-13.0353	40.5949 
0x50	14:54:23.284	-0.0527	-0.9053	-0.1455	4.0894	3.1128	-5.6152	-95.2734	2.9169	-13.2056	40.5919 
0x50	14:54:23.334	-0.0454	-0.8696	-0.1333	13.3667	-3.4790	-8.5449	-94.8065	2.5653	-13.0737	40.5801 
0x50	14:54:23.384	-0.0532	-0.9336	-0.1309	19.3481	-4.6387	-10.4980	-94.0045	2.0929	-12.8156	40.5860 
0x50	14:54:23.434	-0.0322	-0.9048	-0.1040	14.4043	-1.7090	-5.7983	-93.4552	1.8182	-12.8265	40.5860 
0x50	14:54:23.484	-0.0273	-0.9224	-0.0830	40.5273	8.3008	0.9766	-91.5216	1.8512	-13.2385	40.5860 
0x50	14:54:23.535	-0.0371	-0.8940	-0.0503	48.8892	-2.1973	-1.7090	-89.3298	1.7963	-13.1726	40.5890 
0x50	14:54:23.583	-0.0220	-0.9126	-0.0049	45.8374	6.0425	-2.0752	-86.8469	1.6150	-13.4967	40.5978 
0x50	14:54:23.633	-0.0186	-0.9219	0.0562	47.1802	-0.3662	12.2681	-84.3201	1.7468	-13.4747	40.6037 
0x50	14:54:23.683	-0.0962	-0.9907	0.0781	70.0684	-46.0815	0.4883	-81.0791	1.9391	-10.9753	40.6037 
0x50	14:54:23.733	-0.0483	-0.9004	0.1582	64.0869	2.0142	-2.5635	-77.9315	2.0270	-10.7391	40.5978 
0x50	14:54:23.783	-0.0801	-0.9082	0.1851	91.0034	-8.6670	34.4238	-73.7347	3.7244	-9.5581	40.5949 
0x50	14:54:23.848	-0.0981	-0.9443	0.2764	80.0781	29.2969	-0.1831	-69.5215	4.3341	-10.5634	40.5978 
0x50	14:54:23.883	-0.0801	-0.8311	0.3428	87.4634	22.6440	-9.3994	-65.2313	4.1638	-12.2003	40.5978 
0x50	14:54:23.932	-0.0664	-0.8672	0.4238	60.1807	7.9956	4.6997	-61.5674	4.5868	-12.5629	40.5949 
0x50	14:54:23.982	-0.0801	-0.7783	0.4849	69.8853	1.2207	1.1597	-58.0573	4.6747	-12.5848	40.6037 
0x50	14:54:24.033	-0.0835	-0.7944	0.5332	89.6606	9.3994	-18.2495	-53.8879	4.2023	-13.3044	40.5860 
0x50	14:54:24.083	-0.0835	-0.7598	0.5850	93.0786	28.0151	-6.6528	-49.3726	4.7955	-14.6228	40.5919 
0x50	14:54:24.132	-0.0840	-0.6641	0.6362	91.6138	13.6719	-15.6860	-45.1483	4.9219	-15.8038	40.5978 
0x50	14:54:24.182	-0.0747	-0.6724	0.7417	84.7778	-0.1831	-45.3491	-41.0394	3.3508	-17.4298	40.5890 
0x50	14:54:24.241	-0.0454	-0.5718	0.7588	62.5000	-0.7935	-15.0757	-37.5128	2.6367	-18.0835	40.5978 
0x50	14:54:24.282	-0.0420	-0.5088	0.7598	85.2051	6.1646	-11.5967	-33.2721	2.5433	-18.7317	40.5919 
0x50	14:54:24.332	-0.0142	-0.4404	0.8491	105.1025	10.5591	-17.9443	-28.4821	2.6422	-19.8743	40.5978 
0x50	14:54:24.381	-0.0244	-0.3765	0.8809	128.4790	-10.6812	-11.2915	-22.0551	1.8951	-20.1379	40.5919 
0x50	14:54:24.431	-0.0269	-0.2827	0.9268	106.0181	-6.2866	-31.2500	-16.6443	1.1316	-21.2750	40.5890 
0x50	14:54:24.481	-0.0137	-0.2148	0.9565	99.2432	5.1270	8.8501	-11.6730	1.4886	-20.9180	40.6037 
0x50	14:54:24.533	-0.0532	-0.1123	1.0195	73.4863	-1.6479	-0.2441	-7.0697	1.6864	-20.7422	40.5890 
0x50	14:54:24.582	-0.0337	-0.0645	0.9482	49.4995	-1.4038	-21.3623	-4.5978	1.5051	-21.7969	40.5919 
0x50	14:54:24.640	-0.0322	0.0049	1.0078	98.3276	30.7617	10.9863	-0.1263	2.4664	-21.4728	40.5978 
0x50	14:54:24.681	-0.0347	0.1001	0.9634	119.2017	27.5269	0.7324	5.8667	3.8123	-21.4069	40.5860 
0x50	14:54:24.731	-0.0806	0.1919	1.0264	94.4214	11.9019	25.2686	11.1896	3.6475	-20.1324	40.5949 
0x50	14:54:24.781	-0.0645	0.2773	0.9927	100.5859	15.3198	11.1084	16.2762	4.2627	-19.4238	40.5949 
0x50	14:54:24.831	-0.0640	0.3594	0.9644	70.0073	-8.1787	6.1035	20.3522	4.1254	-19.4019	40.5831 
0x50	14:54:24.880	-0.0576	0.4077	0.9683	63.5376	-9.6436	8.3008	23.5437	3.5156	-19.1876	40.6007 
0x50	14:54:24.930	-0.0610	0.4727	0.9282	61.7065	-13.6719	-5.4932	26.6254	2.6917	-19.6490	40.5949 
0x50	14:54:24.980	-0.0552	0.5195	0.8984	94.2383	3.1738	-10.1318	31.3165	3.0652	-20.0281	40.5860 
0x50	14:54:25.031	-0.0410	0.6250	0.8779	95.7031	4.7607	-15.0146	36.3263	3.8123	-20.6433	40.5831 
0x50	14:54:25.084	-0.0645	0.6821	0.8462	80.6885	-21.3013	0.0000	40.3143	2.9663	-21.2860	40.6007 
0x50	14:54:25.129	-0.0435	0.7036	0.8125	47.1802	-4.1504	4.6387	42.6489	2.3676	-21.0498	40.5890 
0x50	14:54:25.180	-0.0200	0.7310	0.8013	36.2549	5.4932	-3.4790	44.4287	2.6532	-20.9894	40.5831 
0x50	14:54:25.230	-0.0190	0.7793	0.7598	44.2505	-5.1880	-1.0376	46.3953	2.6917	-21.2531	40.5978 
0x50	14:54:25.280	-0.0405	0.8003	0.7075	96.2524	-7.5073	5.9204	51.1743	2.2192	-21.3300	40.5949 
0x50	14:54:25.330	-0.0342	0.8452	0.6260	90.2100	-3.6621	5.9814	55.5688	1.9940	-21.4233	40.5949 
0x50	14:54:25.379	-0.0229	0.8682	0.6001	85.2661	18.6768	10.6812	59.7986	2.0490	-20.3522	40.5978 
0x50	14:54:25.429	-0.0156	0.9170	0.5225	30.8228	-7.9346	-6.1035	61.5179	2.0819	-20.5664	40.6066 
0x50	14:54:25.479	-0.0278	0.9565	0.5146	45.5322	5.5542	1.4648	63.7756	2.1313	-20.2863	40.5949 
0x50	14:54:25.530	-0.0273	0.9585	0.4878	31.1279	-8.6670	-8.1787	65.4950	2.2357	-20.9454	40.6007 
0x50	14:54:25.579	-0.0254	0.9917	0.4570	53.0396	-11.2915	1.0986	68.0823	1.9391	-21.4398	40.6037 
0x50	14:54:25.629	-0.0420	0.9707	0.4033	40.2222	-8.3618	9.6436	70.0049	1.6864	-21.3959	40.6007 
0x50	14:54:25.679	-0.0278	0.9697	0.3853	28.8696	-9.6436	-10.1929	71.3727	1.9940	-22.0221	40.5949 
0x50	14:54:25.728	-0.0298	1.0444	0.3730	15.4419	-1.5259	-7.2632	72.1198	2.4664	-22.1210	40.5978 
0x50	14:54:25.778	-0.0264	1.0391	0.3550	10.8643	0.0000	4.0283	72.5867	2.4280	-22.0660	40.5978 
0x50	14:54:25.828	-0.0337	1.0073	0.3418	4.1504	2.8687	-6.6528	72.9932	2.6697	-21.9287	40.5949 
0x50	14:54:25.878	-0.0376	1.0435	0.3491	13.3667	-1.3428	-6.0425	73.3557	2.9224	-22.0386	40.5890 
0x50	14:54:25.928	-0.0488	1.0269	0.3154	-8.5449	5.6763	5.6763	73.4216	2.9059	-21.8024	40.5890 
0x50	14:54:25.978	-0.0493	1.0273	0.3433	-13.9771	-11.1084	10.8032	72.5317	2.2028	-21.9012	40.6007 
0x50	14:54:26.028	-0.0137	1.0166	0.3384	2.6855	3.2959	-4.6387	72.6416	2.3456	-21.9836	40.6096 
0x50	14:54:26.099	-0.0430	1.0181	0.3511	-13.9771	3.3569	-3.2349	72.1417	2.5378	-21.8243	40.6066 
0x50	14:54:26.127	-0.0234	1.0195	0.3530	-7.6904	1.5869	0.9155	71.6858	2.6038	-21.7365	40.6007 
0x50	14:54:26.177	-0.0459	1.0112	0.3667	-18.7378	4.6387	-2.6245	70.9937	2.7026	-21.5607	40.6066 
0x50	14:54:26.227	-0.0532	0.9937	0.3984	-67.3218	12.0850	-3.6011	68.1647	3.1750	-21.1432	40.6096 
0x50	14:54:26.277	-0.0503	0.9624	0.4600	-112.1216	14.5874	10.1929	62.7155	3.1641	-20.4510	40.6066 
0x50	14:54:26.326	-0.0591	0.9302	0.5669	-98.6938	2.6855	-7.0801	57.6233	3.5321	-20.4291	40.6066 
0x50	14:54:26.376	-0.0376	0.8760	0.5947	-64.2090	27.8931	7.5684	54.0417	3.8452	-19.6051	40.6066 
0x50	14:54:26.426	-0.0713	0.8579	0.6348	-70.4956	12.7563	5.4932	50.6030	4.0045	-18.9294	40.6096 
0x50	14:54:26.487	-0.0654	0.7803	0.7041	-85.6323	0.6104	-6.0425	45.9448	4.3890	-18.9899	40.6007 
0x50	14:54:26.527	-0.0801	0.7476	0.7954	-133.3618	11.3525	-2.2583	39.3420	4.8615	-18.6768	40.5949 
0x50	14:54:26.576	-0.0693	0.6401	0.8262	-95.0317	0.4883	-0.6104	34.0356	5.1141	-18.4955	40.6066 
0x50	14:54:26.627	-0.0742	0.5889	0.8867	-103.6987	-16.7847	4.0894	28.8940	4.2902	-18.7811	40.6154 
0x50	14:54:26.676	-0.0503	0.4780	0.9009	-92.2241	-20.6299	4.3335	23.9008	3.1201	-19.0503	40.6066 
0x50	14:54:26.726	-0.0635	0.4204	0.9482	-70.9229	-2.3804	14.4653	20.4401	2.7411	-18.4296	40.6184 
0x50	14:54:26.776	-0.0498	0.3105	0.9834	-113.8306	2.8687	4.5776	14.9634	2.8729	-18.2867	40.6184 
0x50	14:54:26.826	-0.0488	0.2524	1.0098	-104.3701	-3.6011	4.9438	9.8163	2.6422	-18.0890	40.6066 
0x50	14:54:26.882	-0.0283	0.1357	0.9985	-111.1450	11.3525	-4.3335	4.1034	3.0377	-18.1329	40.6066 
0x50	14:54:26.925	-0.0361	0.0903	1.0220	-71.8994	2.4414	2.6245	0.5878	3.1311	-17.9956	40.6125 
0x50	14:54:26.975	-0.0640	-0.0093	0.9995	-70.9839	15.6250	18.6768	-2.9443	3.6310	-17.2266	40.6096 
0x50	14:54:27.026	-0.0562	-0.0396	0.9854	-49.4995	1.0986	2.5635	-5.3613	3.6859	-17.1002	40.6184 
0x50	14:54:27.075	-0.0840	-0.1230	0.9731	-82.0313	18.0054	4.8218	-9.2120	4.3945	-16.9135	40.6154 
0x50	14:54:27.125	-0.0918	-0.1724	0.9692	-68.0542	22.9492	-10.1318	-12.6343	5.4382	-17.6166	40.6154 
0x50	14:54:27.174	-0.1118	-0.2246	0.9385	-75.0732	30.8228	-3.1738	-16.1884	6.9763	-18.1165	40.6154 
0x50	14:54:27.224	-0.1226	-0.2715	0.9355	-48.9502	16.1133	-3.8452	-18.6493	7.6849	-18.5394	40.6184 
0x50	14:54:27.277	-0.1260	-0.2949	0.9092	-3.4180	-4.5166	-10.8643	-19.3909	7.5751	-18.7811	40.6154 
0x50	14:54:27.324	-0.1089	-0.2896	0.9404	15.8081	-10.4980	-14.7095	-18.6328	6.8225	-19.3085	40.6154 
0x50	14:54:27.374	-0.1172	-0.2378	0.9517	55.6641	-16.6626	-3.9063	-16.2598	5.9711	-19.3304	40.6184 
0x50	14:54:27.425	-0.1152	-0.2495	0.9639	3.6621	-5.4932	1.5259	-16.0291	5.7458	-19.1766	40.6154 
0x50	14:54:27.474	-0.0957	-0.2432	0.9497	24.0479	4.3335	0.9766	-14.9359	5.9106	-19.0997	40.6125 
0x50	14:54:27.524	-0.0879	-0.2026	0.9497	46.8750	0.5493	-14.5264	-12.6398	5.7458	-19.8138	40.6184 
0x50	14:54:27.574	-0.1060	-0.1924	0.9761	21.4233	1.8311	4.0894	-11.8433	5.8008	-19.5447	40.6272 
0x50	14:54:27.623	-0.1050	-0.1689	0.9775	21.6675	5.8594	5.0659	-10.7117	6.1359	-19.3524	40.6154 
0x50	14:54:27.673	-0.1021	-0.1577	0.9810	13.0005	4.4556	0.5493	-10.2393	6.3007	-19.2316	40.6184 
0x50	14:54:27.725	-0.1123	-0.1392	0.9697	18.7378	3.9673	5.3711	-9.2450	6.5424	-19.0009	40.6154 
0x50	14:54:27.773	-0.1133	-0.1465	0.9751	-0.7935	4.0894	7.2632	-9.3823	6.8555	-18.5724	40.6302 
0x50	14:54:27.823	-0.1113	-0.1411	0.9893	16.0522	-3.1128	-2.8076	-8.5803	6.6742	-18.6877	40.6302 
0x50	14:54:27.873	-0.1172	-0.1255	0.9751	4.1504	1.4038	9.3384	-8.4100	6.7401	-18.3142	40.6331 
0x50	14:54:27.923	-0.1221	-0.1377	0.9946	2.0142	-1.7090	3.4790	-8.2782	6.6852	-18.1274	40.6184 
0x50	14:54:27.973	-0.1221	-0.1338	0.9751	1.7090	1.7090	1.6479	-8.1903	6.6028	-17.9791	40.6096 
0x50	14:54:28.023	-0.1108	-0.1206	0.9814	4.6997	6.2256	4.3945	-7.9156	6.9324	-17.8033	40.6243 
0x50	14:54:28.073	-0.1172	-0.1157	0.9956	-1.4648	-2.0752	3.3569	-7.8717	6.7786	-17.5836	40.6213 
0x50	14:54:28.123	-0.1128	-0.1216	0.9790	-0.4883	2.3804	5.0659	-7.8552	6.9269	-17.3474	40.6213 
0x50	14:54:28.173	-0.1206	-0.1187	0.9893	-1.5869	4.8828	4.9438	-7.7728	7.2235	-17.1332	40.6302 
0x50	14:54:28.223	-0.1260	-0.1206	0.9893	1.4038	0.9766	1.9531	-7.6849	7.3114	-16.9849	40.6066 
0x50	14:54:28.272	-0.1284	-0.1147	1.0039	3.6011	-0.1831	4.6387	-7.2894	7.3444	-16.7926	40.6331 
0x50	14:54:28.322	-0.1299	-0.1079	0.9995	2.5635	-0.2441	1.0986	-7.2180	7.3553	-16.7157	40.6243 
0x50	14:54:28.371	-0.1294	-0.1118	0.9692	-3.4790	0.8545	1.6479	-7.3059	7.3828	-16.5674	40.6213 
0x50	14:54:28.421	-0.1289	-0.1113	0.9893	7.5073	-0.5493	2.2583	-6.9708	7.3444	-16.4960	40.6243 
0x50	14:54:28.472	-0.1240	-0.0933	0.9961	2.8687	1.7090	3.7842	-6.6742	7.4872	-16.3477	40.6184 
0x50	14:54:28.522	-0.1284	-0.0996	0.9907	2.5024	-1.8921	3.4180	-6.5753	7.4542	-16.1279	40.6272 
0x50	14:54:28.572	-0.1367	-0.0981	0.9858	6.4087	2.0142	0.3052	-6.2567	7.4872	-16.0455	40.6360 
0x50	14:54:28.621	-0.1265	-0.0884	0.9902	0.6104	2.3193	-0.4272	-6.1578	7.6355	-16.1115	40.6213 
0x50	14:54:28.675	-0.1426	-0.0918	0.9897	-3.5400	-2.8687	5.4321	-6.1414	7.5201	-15.7709	40.6302 
0x50	14:54:28.722	-0.1279	-0.0879	0.9912	0.6714	1.7700	-0.6104	-6.1194	7.6025	-15.7599	40.6331 
0x50	14:54:28.772	-0.1343	-0.0977	0.9951	-3.2349	0.0000	1.2817	-6.2018	7.5366	-15.6555	40.6272 
0x50	14:54:28.821	-0.1309	-0.0928	0.9946	-5.2490	2.6245	3.3569	-6.2952	7.6794	-15.5566	40.6243 
0x50	14:54:28.870	-0.1318	-0.0977	0.9819	-7.0190	-0.6104	-3.0518	-6.5314	7.6465	-15.5786	40.6390 
0x50	14:54:28.920	-0.1313	-0.0996	0.9824	0.4272	3.8452	-0.3052	-6.3721	7.6794	-15.5731	40.6390 
0x50	14:54:28.971	-0.1362	-0.0952	1.0000	1.4648	0.3052	0.6104	-6.2787	7.7014	-15.5457	40.6302 
0x50	14:54:29.021	-0.1304	-0.0967	0.9902	-5.3711	-0.6714	0.0000	-6.4270	7.6355	-15.5621	40.6419 
0x50	14:54:29.070	-0.1377	-0.0918	0.9902	2.7466	3.1738	0.7935	-6.2677	7.8003	-15.5402	40.6243 
0x50	14:54:29.120	-0.1343	-0.0957	1.0063	-3.2349	1.8921	-0.7935	-6.3281	7.8442	-15.6006	40.6302