StartTime: 2020-01-03 15:57:22.479
address	Time(s)	ax(g)	ay(g)	az(g)	wx(deg/s)	wy(deg/s)	wz(deg/s)	AngleX(deg)	AngleY(deg)	AngleZ(deg)	T(°) 
0x50	16:22:47.562	0.0005	-0.1191	0.9688	0.3052	3.5400	3.2349	-7.0862	-0.8899	0.9723	37.8506 
0x50	16:22:47.609	-0.0332	-0.1182	0.9639	-1.2207	-12.4512	1.8921	-7.0862	-1.2140	0.9723	37.8477 
0x50	16:22:47.658	0.0225	-0.1323	1.0439	1.0376	5.6152	3.9063	-7.0367	-0.9174	1.1316	37.8389 
0x50	16:22:47.713	-0.0103	-0.1255	0.9834	3.6621	12.5122	4.6387	-6.8829	-0.5878	1.3293	37.8536 
0x50	16:22:47.756	0.0107	-0.1021	1.0181	3.9063	-9.5215	2.3193	-6.6687	-1.0437	1.4996	37.8506 
0x50	16:22:47.805	0.0693	-0.1494	1.0581	5.9814	18.3716	12.6953	-6.4105	-0.0439	1.9666	37.8418 
0x50	16:22:47.854	-0.0176	-0.0981	0.9531	2.9907	-6.4087	2.1973	-6.2567	-0.3241	2.1094	37.8448 
0x50	16:22:47.906	0.0420	-0.1499	1.0381	5.2490	-3.6621	2.0142	-5.9766	-0.0549	2.3621	37.8477 
0x50	16:22:47.952	-0.0400	-0.0845	1.0005	6.4087	12.5122	6.6528	-5.6360	0.6372	2.6257	37.8271 
0x50	16:22:48.000	-0.0820	-0.0767	0.9419	4.1504	-1.1597	1.4648	-5.4327	0.2802	2.7136	37.8300 
0x50	16:22:48.051	0.0005	-0.1045	1.0059	0.1831	9.2773	3.4790	-5.4327	0.7416	2.8455	37.8300 
0x50	16:22:48.107	-0.0298	-0.0845	0.9844	1.8311	-4.1504	-0.6104	-5.4053	0.4559	2.8180	37.8389 
0x50	16:22:48.147	-0.0400	-0.1001	0.9746	-2.0142	0.0000	4.0283	-5.5096	0.5164	3.0212	37.8242 
0x50	16:22:48.244	0.0093	-0.1079	1.0229	5.9204	8.1177	6.6528	-5.3064	0.9338	3.2190	37.8300 
0x50	16:22:48.299	-0.0239	-0.0889	0.9717	0.4272	-7.2632	0.2441	-5.2844	0.5878	3.2629	37.8418 
0x50	16:22:48.342	0.0210	-0.0986	1.0513	5.0049	0.0000	5.1270	-5.0208	0.9833	3.4497	37.8389 
0x50	16:22:48.391	-0.0786	-0.0884	0.9644	1.7700	3.1128	4.2725	-4.9329	1.2250	3.6475	37.8212 
0x50	16:22:48.441	-0.0229	-0.0903	0.9844	0.1831	-5.2490	-0.6714	-4.8889	1.1261	3.7134	37.8242 
0x50	16:22:48.489	-0.0176	-0.0771	1.0371	4.5166	7.5684	4.5776	-4.6472	1.5106	3.9111	37.8271 
0x50	16:22:48.538	-0.0352	-0.0957	0.9810	-0.9155	-0.8545	1.6479	-4.6527	1.4996	3.9496	37.8242 
0x50	16:22:48.586	-0.0020	-0.0845	1.0469	3.6011	0.8545	6.1035	-4.4659	1.5381	4.2462	37.8212 
0x50	16:22:48.635	-0.0625	-0.0747	0.9971	0.4883	0.1831	0.4272	-4.4550	1.4722	4.2737	37.8065 
0x50	16:22:48.669	-0.0313	-0.1045	0.9961	0.9155	-3.2349	3.2959	-4.4385	1.3293	4.4495	37.8300 
0x50	16:22:48.728	-0.0322	-0.0723	1.0088	3.4180	8.6670	2.1973	-4.3176	1.5436	4.4824	37.8183 
0x50	16:22:48.766	-0.0020	-0.0869	1.0205	-0.4272	-13.6719	-2.8687	-4.3506	0.8295	4.3890	37.8183 
0x50	16:22:48.816	-0.0225	-0.0928	0.9849	1.3428	5.6152	2.3804	-4.2572	0.9778	4.4879	37.8271 
0x50	16:22:48.864	-0.0371	-0.0605	1.0190	-1.2207	-9.8267	-3.0518	-4.3011	0.5054	4.3726	37.8124 
0x50	16:22:48.922	0.0244	-0.1084	1.0093	-0.3052	-0.7935	1.6479	-4.2517	0.6757	4.5538	37.8036 
0x50	16:22:48.962	-0.0557	-0.0649	0.9873	0.0000	3.0518	0.7324	-4.2407	0.8789	4.5758	37.8124 
0x50	16:22:49.011	-0.0464	-0.0625	0.9937	2.0752	-12.0239	-0.4272	-4.1473	0.4395	4.5319	37.8095 
0x50	16:22:49.060	-0.0264	-0.0830	0.9907	1.8921	10.3149	2.5024	-4.0704	0.9778	4.6198	37.8124 
0x50	16:22:49.114	-0.0586	-0.0596	0.9751	-0.6714	-8.1177	0.0000	-4.0814	0.6702	4.6033	37.7977 
0x50	16:22:49.159	-0.0068	-0.0801	1.0278	0.0000	7.8735	2.3804	-4.0869	1.0602	4.6967	37.8036 
0x50	16:22:49.207	-0.0205	-0.0708	0.9873	-0.1831	4.7607	1.0986	-4.1254	1.1041	4.7131	37.8065 
0x50	16:22:49.255	-0.0288	-0.0747	1.0098	-3.2959	-10.5591	-0.2441	-4.2902	0.5988	4.7351	37.7977 
0x50	16:22:49.315	0.0259	-0.0967	1.0464	1.2817	5.4321	0.5493	-4.2352	1.0767	4.8560	37.8065 
0x50	16:22:49.353	-0.0679	-0.0723	0.9648	0.4883	-1.2207	1.5869	-4.2078	1.0822	4.9384	37.7977 
0x50	16:22:49.402	-0.0220	-0.0601	1.0356	2.8687	-4.0894	0.9155	-4.0540	1.1096	4.9988	37.8006 
0x50	16:22:49.452	-0.0601	-0.0830	0.9668	-0.9155	-5.7983	0.7324	-4.0375	0.8459	5.0812	37.8036 
0x50	16:22:49.511	-0.0244	-0.0601	1.0249	0.2441	0.0000	0.4883	-4.0649	0.8954	5.0757	37.8153 
0x50	16:22:49.548	-0.0332	-0.0786	0.9932	-0.1831	-2.8687	-0.4272	-4.0430	0.7910	5.1691	37.8065 
0x50	16:22:49.597	-0.0293	-0.0513	0.9883	-7.8735	-1.4648	-2.9297	-4.5099	0.6702	4.3890	37.7889 
0x50	16:22:49.646	-0.0020	-0.0469	1.0195	4.2725	4.4556	9.6436	-4.4165	1.0052	4.4000	37.7948 
0x50	16:22:49.712	0.0332	-0.0249	1.0547	-13.6108	-25.6958	-31.0669	-5.0262	-0.1263	3.2135	37.7948 
0x50	16:22:49.744	-0.0054	-0.0728	0.9702	14.0381	-31.4331	5.6152	-4.5374	-1.8073	3.5541	37.7948 
0x50	16:22:49.841	0.0361	-0.0938	1.0181	0.1831	-33.0200	4.3945	-4.4275	-3.1805	3.8947	37.7918 
0x50	16:22:49.903	0.0679	-0.0645	0.9585	3.0518	-29.1748	-0.1831	-4.3726	-4.7131	3.9276	37.7830 
0x50	16:22:49.939	0.0625	-0.0947	1.0024	-8.8501	-27.2827	-0.4883	-4.7791	-5.9436	4.0814	37.7977 
0x50	16:22:49.988	0.1011	-0.0859	0.9766	-16.2354	-19.2871	-9.8267	-5.4767	-6.9269	3.7299	37.7977 
0x50	16:22:50.037	0.1270	-0.0811	0.9692	2.1973	-23.0103	0.0000	-5.6635	-8.3826	3.6584	37.7948 
0x50	16:22:50.085	0.1333	-0.1196	0.9795	-5.0659	-29.7241	0.0000	-5.8008	-9.6350	3.8837	37.7918 
0x50	16:22:50.151	0.1743	-0.0933	0.9521	-6.0425	-15.9302	-5.9814	-6.0315	-10.6293	3.5541	37.8065 
0x50	16:22:50.186	0.1641	-0.1064	0.9604	-6.7749	-22.7661	1.4648	-6.4160	-11.6785	3.7299	37.8065 
0x50	16:22:50.232	0.2236	-0.0820	0.9722	2.6245	-18.9209	7.9346	-6.4325	-12.3816	4.1254	37.7889 
0x50	16:22:50.266	0.2095	-0.1387	0.9600	0.7324	-38.5132	10.8032	-6.5588	-14.0240	4.9988	37.7918 
0x50	16:22:50.346	0.2471	-0.1055	0.9512	-1.4038	-27.4048	-1.0986	-6.6522	-15.3809	5.1031	37.7918 
0x50	16:22:50.363	0.2910	-0.1265	0.9536	-3.5400	-37.5977	-26.3672	-6.5039	-17.2101	4.2792	37.7859 
0x50	16:22:50.412	0.3232	-0.0894	0.9268	-1.4038	-47.3633	-14.5874	-6.4105	-19.6490	3.8013	37.7830 
0x50	16:22:50.461	0.3486	-0.0923	0.9072	-3.1738	-70.1294	2.0752	-6.5094	-22.8735	3.9935	37.7742 
0x50	16:22:50.538	0.3921	-0.0967	0.8535	-0.4272	-73.7305	-1.3428	-6.6852	-26.5265	4.3781	37.7948 
0x50	16:22:50.558	0.4082	-0.1128	0.8257	15.2588	-31.2500	-5.0049	-6.0590	-28.2568	4.4769	37.7948 
0x50	16:22:50.608	0.4331	-0.0938	0.8364	3.9063	-20.1416	3.1738	-6.0150	-29.2072	4.7791	37.7977 
0x50	16:22:50.657	0.4629	-0.1157	0.8320	-19.2871	-21.0571	0.0000	-6.8665	-30.1849	4.9274	37.7859 
0x50	16:22:50.732	0.5244	-0.0801	0.8262	-21.2402	-40.5884	4.0283	-8.1519	-32.1844	5.4547	37.7830 
0x50	16:22:50.754	0.5337	-0.0972	0.7661	3.8452	-49.2554	3.4180	-8.3661	-34.7827	5.9766	37.7948 
0x50	16:22:50.803	0.5537	-0.1074	0.7549	5.8594	-44.9829	4.5166	-8.4540	-36.9690	6.6522	37.8006 
0x50	16:22:50.852	0.6216	-0.1143	0.7437	7.2021	-36.5601	0.1831	-8.3167	-38.9575	6.9269	37.8006 
0x50	16:22:50.929	0.5928	-0.1128	0.7104	8.7891	-44.1895	-14.2212	-7.5806	-41.2207	6.4160	37.7918 
0x50	16:22:50.950	0.6289	-0.1113	0.6675	-0.6104	-49.1943	5.9814	-7.9651	-43.6816	7.0752	37.7948 
0x50	16:22:50.998	0.6558	-0.1104	0.6313	-7.9346	-50.8423	3.0518	-8.8879	-46.1810	7.7948	37.8006 
0x50	16:22:51.048	0.6787	-0.1113	0.6147	-5.5542	-7.0801	0.0000	-9.3878	-46.6699	8.0090	37.7948 
0x50	16:22:51.133	0.7056	-0.1050	0.6138	-13.7939	-34.5459	7.5073	-10.7721	-48.3234	8.9813	37.7918 
0x50	16:22:51.145	0.7222	-0.1284	0.5747	11.4136	-27.4658	2.6855	-10.7227	-50.1196	9.5306	37.8065 
0x50	16:22:51.195	0.7349	-0.1226	0.5757	-10.3760	-30.9448	2.3804	-11.7499	-51.6193	10.1733	37.8183 
0x50	16:22:51.243	0.7354	-0.1509	0.5200	-9.0332	-46.5698	0.0000	-12.8265	-53.9758	10.9808	37.7948 
0x50	16:22:51.325	0.7432	-0.1172	0.4810	-15.1367	-33.5083	-7.2632	-13.6230	-55.7117	11.0248	37.8065 
0x50	16:22:51.340	0.7695	-0.1211	0.4644	-5.0049	-8.4229	0.0000	-13.9471	-56.2610	11.0687	37.8036 
0x50	16:22:51.439	0.7798	-0.1221	0.4795	-0.3052	-14.8926	-5.5542	-13.8373	-57.0630	10.9039	37.8124 
0x50	16:22:51.488	0.8042	-0.1191	0.4604	4.5166	-36.9263	2.8076	-14.5020	-58.7769	11.9147	37.8006 
0x50	16:22:51.569	0.7998	-0.1211	0.4160	-2.1973	-47.1191	2.9907	-15.8917	-61.0400	13.3813	37.8065 
0x50	16:22:51.585	0.8379	-0.1138	0.3789	0.0000	-41.8091	1.3428	-17.1442	-63.1274	14.7327	37.8036 
0x50	16:22:51.634	0.8218	-0.1299	0.3423	-6.5918	-53.1616	7.8125	-19.9127	-65.5609	17.4188	37.8006 
0x50	16:22:51.683	0.8423	-0.1538	0.2783	-15.3198	-48.7671	0.2441	-23.1866	-67.9559	20.1379	37.8153 
0x50	16:22:51.762	0.8359	-0.1431	0.2451	-21.9727	-50.7202	0.7935	-27.1088	-70.2905	23.0768	37.8065 
0x50	16:22:51.780	0.8755	-0.1392	0.2070	-5.7983	-10.0708	-5.0049	-28.1195	-71.2299	23.4888	37.8212 
0x50	16:22:51.829	0.8857	-0.1440	0.2061	-1.2207	-7.0801	9.5215	-30.0201	-71.3727	25.3180	37.8065 
0x50	16:22:51.863	0.8662	-0.1523	0.2144	-5.4321	-9.8877	-3.5400	-30.9650	-71.7847	26.0211	37.8153 
0x50	16:22:51.959	0.8970	-0.1587	0.2065	-6.2256	-31.1279	5.9814	-34.6838	-72.9712	29.5258	37.8153 
0x50	16:22:51.961	0.8726	-0.1636	0.1455	2.5024	-45.9595	-0.6104	-39.5288	-74.7070	34.4971	37.8271 
0x50	16:22:52.009	0.8872	-0.1616	0.1206	-2.2583	-55.5420	1.9531	-47.0544	-76.7505	41.9897	37.8242 
0x50	16:22:52.058	0.8945	-0.1528	0.0513	-7.0801	-64.6973	-9.8877	-57.5793	-79.0192	52.0422	37.8271 
0x50	16:22:52.107	0.9058	-0.1250	-0.0010	5.3101	-47.4854	-14.1602	-67.0111	-80.8649	61.3696	37.8124 
0x50	16:22:52.156	0.9053	-0.1665	-0.0342	5.8594	-43.8232	13.8550	-82.3755	-80.9088	76.5912	37.8389 
0x50	16:22:52.205	0.8828	-0.1509	-0.0562	2.1362	-33.6914	7.0801	-93.2959	-80.6781	87.3523	37.8242 
0x50	16:22:52.255	0.9033	-0.1670	-0.0991	-7.8735	-40.8325	1.6479	-104.4415	-80.3595	98.1409	37.8242 
0x50	16:22:52.335	0.8906	-0.1484	-0.1431	-6.5918	-54.6265	-9.9487	-121.1298	-79.8926	114.3896	37.8212 
0x50	16:22:52.351	0.8828	-0.1470	-0.1772	-7.9346	-62.8052	-1.7090	-133.3136	-78.2611	126.3043	37.8183 
0x50	16:22:52.400	0.8833	-0.1274	-0.2412	1.9531	-64.6362	-4.5166	-144.4537	-76.0034	137.5873	37.8330 
0x50	16:22:52.450	0.8486	-0.1577	-0.2642	-6.0425	-58.2886	5.4321	-150.5347	-73.4601	143.5364	37.8183 
0x50	16:22:52.498	0.8062	-0.1484	-0.3228	-5.8594	-65.7959	-8.1787	-156.9397	-70.6366	149.9414	37.8359 
0x50	16:22:52.581	0.8022	-0.1396	-0.3813	-6.4697	-41.8701	-10.3760	-160.4279	-68.7195	153.3966	37.8212 
0x50	16:22:52.596	0.7808	-0.1182	-0.4287	-12.2070	-51.4526	-12.4512	-164.3884	-66.4508	157.0386	37.8389 
0x50	16:22:52.644	0.7700	-0.1050	-0.4512	-2.3193	-29.4800	-10.0708	-166.6132	-65.0446	159.3292	37.8330 
0x50	16:22:52.693	0.8008	-0.1001	-0.4868	-5.3101	-36.6211	-9.6436	-168.5632	-63.2867	161.2793	37.8418 
0x50	16:22:52.781	0.7495	-0.0874	-0.4849	-5.3101	-38.0249	-13.3057	-170.8319	-61.6937	163.5645	37.8330 
0x50	16:22:52.791	0.7510	-0.0708	-0.5244	-3.4790	-49.8657	-5.8594	-172.3480	-59.2987	165.0421	37.8359 
0x50	16:22:52.840	0.7339	-0.0884	-0.5576	1.0376	-50.1099	-7.8125	-173.4027	-56.9861	166.4209	37.8418 
0x50	16:22:52.889	0.6851	-0.0693	-0.5928	-0.6714	-58.6548	-1.6479	-174.2542	-53.8824	167.5250	37.8359 
0x50	16:22:52.971	0.6631	-0.0610	-0.6401	-3.1738	-56.3354	-18.1274	-175.9076	-51.2183	169.3542	37.8418 
0x50	16:22:53.035	0.6343	-0.0405	-0.6636	-5.4932	-38.5742	-5.0049	-176.7700	-48.8727	170.1563	37.8448 
0x50	16:22:53.084	0.6011	-0.0366	-0.6973	9.8877	-49.6216	-6.5918	-176.8909	-46.5051	170.8374	37.8418 
0x50	16:22:53.169	0.5903	-0.0469	-0.7197	1.2207	-38.2080	-9.1553	-177.2040	-44.3903	171.5570	37.8477 
0x50	16:22:53.182	0.5430	-0.0425	-0.7349	7.1411	-45.2881	-3.5400	-177.1875	-42.1326	171.9305	37.8477 
0x50	16:22:53.231	0.5381	-0.0415	-0.7690	20.7520	-41.6260	-18.4937	-177.0667	-40.0012	173.1390	37.8477 
0x50	16:22:53.279	0.5151	-0.0703	-0.7969	17.6392	-23.2544	-15.7471	-176.7590	-38.5785	174.1718	37.8536 
0x50	16:22:53.365	0.4912	-0.0645	-0.7803	9.8267	-20.6909	-17.6392	-176.9293	-37.5787	175.4022	37.8477 
0x50	16:22:53.377	0.5005	-0.0679	-0.8022	2.1362	-28.9917	-13.4888	-177.3468	-36.0736	176.3416	37.8565 
0x50	16:22:53.426	0.4609	-0.0332	-0.8184	-1.4038	-37.7197	-17.9443	-178.1927	-34.2224	177.4786	37.8477 
0x50	16:22:53.460	0.4482	-0.0342	-0.8662	24.5361	-46.0205	-12.1460	-177.4237	-31.8439	178.3081	37.8653 
0x50	16:22:53.509	0.4214	-0.0723	-0.8579	4.5776	-32.5928	-8.5449	-177.2589	-30.1025	178.6816	37.8624 
0x50	16:22:53.560	0.3818	-0.0615	-0.8599	0.3052	-45.5322	-16.4795	-177.7368	-27.7734	179.7473	37.8506 
0x50	16:22:53.606	0.3237	-0.0205	-0.8774	-13.4888	-27.2827	-8.0566	-178.6597	-26.1530	-179.8022	37.8536 
0x50	16:22:53.655	0.3208	-0.0225	-0.8774	-15.3198	-25.2686	-7.1411	-179.5935	-24.7961	-179.3793	37.8653 
0x50	16:22:53.704	0.2964	-0.0112	-0.9199	4.8828	-29.8462	-14.7705	-179.2969	-23.1976	-178.6322	37.8683 
0x50	16:22:53.753	0.2764	-0.0190	-0.8877	5.0659	-32.8369	-1.1597	-179.0717	-21.4673	-178.5443	37.8624 
0x50	16:22:53.808	0.2671	-0.0522	-0.9414	5.1270	-34.8511	12.7563	-176.8195	-19.5227	-179.1156	37.8653 
0x50	16:22:53.850	0.1992	-0.0112	-0.9346	20.0806	-47.7295	8.2397	-175.7922	-17.0013	-179.4012	37.8712 
0x50	16:22:53.899	0.1963	-0.0576	-0.9609	26.6724	-46.0815	18.4937	-174.4409	-14.8041	179.8077	37.8653 
0x50	16:22:53.948	0.1401	-0.0913	-0.9580	27.1606	-53.7720	46.0205	-172.6117	-11.7993	177.7368	37.8712 
0x50	16:22:54.006	0.0649	-0.1001	-0.9917	23.7427	-56.1523	36.8042	-171.5460	-8.7012	176.3470	37.8683 
0x50	16:22:54.046	0.0371	-0.1440	-0.9590	21.3623	-67.5049	39.6729	-170.2991	-4.9878	174.8859	37.8742 
0x50	16:22:54.095	-0.0513	-0.1270	-0.9761	14.8315	-56.8237	21.3623	-169.4916	-1.7249	174.2926	37.8889 
0x50	16:22:54.143	-0.0684	-0.1616	-0.9624	7.2632	-47.2412	-5.6763	-169.1620	0.6152	175.0067	37.8800 
0x50	16:22:54.202	-0.1162	-0.1582	-0.9736	-0.9766	-44.2505	5.1880	-169.1071	2.9443	175.2869	37.8742 
0x50	16:22:54.241	-0.1445	-0.1597	-0.9868	4.3335	-52.1240	1.4038	-168.8983	5.5865	175.7153	37.8771 
0x50	16:22:54.290	-0.2031	-0.1719	-0.9658	-14.0991	-49.0112	-17.1509	-169.2169	7.8003	177.0886	37.8712 
0x50	16:22:54.339	-0.2314	-0.1484	-0.9644	1.6479	-40.7104	8.9111	-169.1840	9.9646	177.0337	37.8800 
0x50	16:22:54.399	-0.3047	-0.1572	-1.0044	-2.3193	-50.0488	-19.1040	-168.9862	12.5409	178.2147	37.8800 
0x50	16:22:54.437	-0.2998	-0.1831	-0.9546	0.4883	-30.3345	-0.5493	-168.8928	14.0955	178.5388	37.8800 
0x50	16:22:54.486	-0.3540	-0.1372	-0.9521	-0.7324	-38.3911	8.4839	-169.0192	16.1499	178.4015	37.8889 
0x50	16:22:54.535	-0.3677	-0.1646	-0.9395	-5.6763	-31.6772	-2.9297	-169.1895	17.7484	178.8629	37.8889 
0x50	16:22:54.632	-0.3989	-0.1206	-0.9106	-23.8037	-45.4712	-0.1831	-170.1288	19.5172	179.3024	37.8889 
0x50	16:22:54.681	-0.4331	-0.1289	-0.9243	-10.6201	-56.3965	-3.8452	-170.4474	22.3297	-179.9780	37.9006 
0x50	16:22:54.730	-0.4912	-0.0942	-0.9268	-4.7607	-34.3018	-9.0942	-170.5023	24.1370	-179.0112	37.8918 
0x50	16:22:54.786	-0.4946	-0.1348	-0.8911	2.6245	-32.5317	-1.9531	-170.2277	25.7959	-178.6047	37.8859 
0x50	16:22:54.828	-0.5151	-0.1304	-0.8945	-4.9438	-23.9258	12.0850	-170.7825	27.1802	-178.6981	37.8889 
0x50	16:22:54.877	-0.5278	-0.1299	-0.8755	5.0659	-21.6675	1.0376	-170.4858	28.3173	-178.5608	37.8830 
0x50	16:22:54.926	-0.5439	-0.1084	-0.7681	13.3057	-32.6538	-7.2021	-169.3817	29.6356	-177.7972	37.8948 
0x50	16:22:54.984	-0.6045	-0.1440	-0.9614	12.1460	-36.4380	-4.8218	-168.4973	31.3989	-177.1271	37.8918 
0x50	16:22:55.023	-0.6084	-0.1680	-0.8120	4.0894	-31.6772	12.4512	-168.1677	33.0304	-177.3413	37.8948 
0x50	16:22:55.056	-0.6235	-0.2104	-0.8755	8.3008	-26.1230	-5.9814	-167.3602	34.2609	-176.6656	37.9065 
0x50	16:22:55.105	-0.6782	-0.1616	-0.8730	-11.7798	-32.6538	0.1831	-167.7612	36.0571	-176.2756	37.8889 
0x50	16:22:55.173	-0.6665	-0.1455	-0.8081	-1.3428	-13.5498	1.8921	-167.8326	36.7877	-176.2097	37.9065 
0x50	16:22:55.203	-0.6772	-0.1470	-0.7769	-1.2207	-20.8740	3.8452	-167.8766	37.8864	-176.2701	37.8918 
0x50	16:22:55.252	-0.6890	-0.1558	-0.7778	-12.5122	-22.3389	5.0659	-168.5193	39.0784	-176.2921	37.9124 
0x50	16:22:55.301	-0.7305	-0.1362	-0.7690	-0.9155	-21.1792	6.7749	-168.7225	40.2814	-176.4404	37.9036 
0x50	16:22:55.350	-0.7144	-0.1455	-0.7686	3.8452	-16.1133	3.2959	-168.5468	41.1383	-176.4459	37.9036 
0x50	16:22:55.416	-0.7627	-0.1470	-0.7788	0.0000	-19.7144	-2.1973	-168.1787	42.2699	-175.8911	37.9036 
0x50	16:22:55.448	-0.7646	-0.1104	-0.7456	-9.0332	-14.5874	5.0049	-168.7775	43.0829	-176.0229	37.9124 
0x50	16:22:55.496	-0.7847	-0.1235	-0.7534	-10.4980	-10.0708	2.6245	-169.3652	43.8025	-176.1658	37.9124 
0x50	16:22:55.545	-0.7427	-0.1001	-0.7002	-6.5918	-10.1929	0.8545	-169.6893	44.3573	-176.0944	37.9036 
0x50	16:22:55.613	-0.7935	-0.1270	-0.7095	-3.4180	-19.1650	3.2959	-169.2883	45.8185	-175.6824	37.9153 
0x50	16:22:55.643	-0.8110	-0.1230	-0.7197	0.7935	-17.8833	13.0615	-169.5685	46.9501	-176.2262	37.9124 
0x50	16:22:55.692	-0.7842	-0.1216	-0.6553	18.0054	4.9438	2.4414	-169.0576	46.5106	-176.5393	37.9183 
0x50	16:22:55.741	-0.8438	-0.1245	-0.6655	24.1699	-15.1978	-51.0254	-166.5253	47.0599	-174.3915	37.9212 
0x50	16:22:55.807	-0.7939	-0.1626	-0.6641	-0.7324	-22.2168	-2.6855	-165.3333	47.8015	-172.9797	37.9212 
0x50	16:22:55.839	-0.8110	-0.2007	-0.6826	0.7324	-15.5029	18.1885	-165.7617	48.8342	-173.5785	37.9242 
0x50	16:22:55.888	-0.8613	-0.1216	-0.6099	-8.4229	-19.5313	26.0010	-168.0688	50.5042	-175.8691	37.9242 
0x50	16:22:55.937	-0.8477	-0.1377	-0.6343	-4.8828	-26.3672	8.6670	-168.5962	51.9324	-176.2811	37.9418 
0x50	16:22:56.000	-0.9131	-0.1172	-0.6260	-4.5166	-14.2212	12.0850	-169.2609	53.4760	-176.9073	37.9359 
0x50	16:22:56.034	-0.8735	-0.1289	-0.5820	-1.1597	-22.4609	0.0000	-169.1510	54.1956	-176.7371	37.9359 
0x50	16:22:56.083	-0.9019	-0.0913	-0.5596	-7.6294	-23.4375	1.9531	-169.2664	55.6458	-176.5228	37.9359 
0x50	16:22:56.132	-0.9585	-0.1494	-0.5840	13.1226	-15.8691	-8.9111	-167.3987	56.1896	-174.9463	37.9477 
0x50	16:22:56.241	-0.9023	-0.1230	-0.5566	2.6245	0.9155	-2.0752	-166.9482	56.5137	-174.7430	37.9565 
0x50	16:22:56.278	-0.9077	-0.1440	-0.5317	16.4795	-44.6777	-0.1831	-165.8716	57.7277	-174.1718	37.9653 
0x50	16:22:56.327	-0.9302	-0.1392	-0.5220	7.0190	-23.6816	-3.9063	-164.7510	58.7549	-173.0347	37.9742 
0x50	16:22:56.376	-0.9604	-0.1763	-0.5083	8.3008	-13.1226	2.0752	-163.9160	59.7711	-172.6666	37.9624 
0x50	16:22:56.434	-0.9775	-0.1392	-0.4844	-0.6104	-35.3394	-6.2866	-162.5702	61.4081	-171.0571	37.9830 
0x50	16:22:56.474	-1.0190	-0.1655	-0.4575	-3.3569	-2.3193	5.0659	-162.4603	62.0892	-171.1725	37.9889 
0x50	16:22:56.523	-1.0000	-0.1660	-0.4487	2.1362	-51.0254	-4.5166	-160.3784	64.4568	-168.9807	37.9889 
0x50	16:22:56.571	-0.9878	-0.1646	-0.4556	-10.9863	6.2866	5.0049	-160.7684	64.7754	-169.1620	38.0183 
0x50	16:22:56.621	-0.9233	-0.1382	-0.3403	3.7842	-58.5327	-6.2256	-157.7362	67.4506	-166.0529	38.0065 
0x50	16:22:56.654	-1.0298	-0.1660	-0.3921	-6.5918	-20.4468	2.0752	-156.4288	68.7799	-164.4489	38.0271 
0x50	16:22:56.703	-1.0332	-0.1484	-0.3652	7.6294	-38.8184	0.4883	-154.0778	70.5432	-162.2736	38.0183 
0x50	16:22:56.751	-1.0420	-0.1704	-0.2827	3.0518	-4.2725	6.6528	-153.8361	71.0596	-162.1912	38.0389 
0x50	16:22:56.822	-1.0161	-0.1587	-0.2075	8.4839	-52.0020	-2.8076	-149.2822	73.3612	-158.0109	38.0448 
0x50	16:22:56.849	-1.1040	-0.1411	-0.3086	-15.0146	-2.4414	7.2632	-148.6725	74.2786	-156.5717	38.0595 
0x50	16:22:56.898	-1.0630	-0.1582	-0.2510	20.7520	-31.1279	3.6621	-145.2118	75.6738	-154.0283	38.0595 
0x50	16:22:56.947	-1.0723	-0.1509	-0.2271	-2.9907	-21.9727	-0.7324	-142.2400	76.4923	-150.8423	38.0683 
0x50	16:22:57.013	-1.0698	-0.1738	-0.2539	21.1792	-5.8594	7.8125	-141.7950	76.9098	-151.3971	38.0683 
0x50	16:22:57.045	-1.0444	-0.1675	-0.1826	-5.0659	-28.6865	-8.3008	-138.0322	77.4426	-147.3267	38.0771 
0x50	16:22:57.093	-1.0811	-0.1636	-0.2095	6.1035	-31.9214	-6.3477	-131.8140	78.3435	-141.0974	38.0889 
0x50	16:22:57.146	-1.1025	-0.2031	-0.1978	11.1084	-40.9546	-4.0283	-123.7115	79.2224	-133.2202	38.0948 
0x50	16:22:57.191	-1.0479	-0.1836	-0.0952	18.6768	-60.3027	-17.2119	-106.5564	79.9420	-116.5869	38.1095 
0x50	16:22:57.255	-1.0239	-0.2275	0.0010	9.2773	-47.4854	-5.2490	-94.5813	80.1233	-104.8590	38.1154 
0x50	16:22:57.289	-1.1035	-0.1880	-0.0356	25.7568	-57.0068	-5.1270	-77.3602	79.8871	-88.2916	38.1124 
0x50	16:22:57.337	-1.0898	-0.1958	0.0269	7.5684	-10.3149	4.3945	-73.9984	79.8267	-84.8804	38.1448 
0x50	16:22:57.386	-1.1021	-0.2109	0.0049	26.8555	-39.7339	-3.0518	-63.0945	79.0411	-74.6906	38.1359 
0x50	16:22:57.443	-1.0581	-0.2104	0.0562	0.6714	1.6479	7.3853	-63.1494	79.3488	-74.3555	38.1477 
0x50	16:22:57.484	-1.1143	-0.1895	0.0356	3.2349	-26.4282	-5.4932	-57.9968	78.5138	-68.8568	38.1389 
0x50	16:22:57.533	-1.0845	-0.2256	0.0713	-11.2915	-7.8125	-4.3945	-57.8870	78.2721	-68.0383	38.1712 
0x50	16:22:57.582	-1.0581	-0.1846	0.0903	3.4790	-32.8369	-0.3662	-51.5259	77.3767	-61.4905	38.1830 
0x50	16:22:57.631	-1.0552	-0.2129	0.1333	3.2349	-20.8740	-3.2959	-48.7189	76.7889	-58.4143	38.1859 
0x50	16:22:57.680	-1.0801	-0.2153	0.1040	9.8267	-30.0293	4.5776	-43.3411	75.9650	-52.9816	38.1889 
0x50	16:22:57.729	-1.0688	-0.1904	0.1367	4.0283	-24.5972	10.4980	-39.4080	75.4980	-48.5815	38.2006 
0x50	16:22:57.826	-1.0400	-0.1631	0.1724	18.4326	-59.7534	10.2539	-30.4431	73.4875	-40.0287	38.2154 
0x50	16:22:57.875	-1.0723	-0.1807	0.2773	7.0190	-56.9458	13.1836	-23.9392	71.0211	-33.3765	38.2448 
0x50	16:22:57.924	-1.0469	-0.1729	0.2710	9.2163	-43.5181	29.4800	-17.5012	69.6259	-26.7572	38.2477 
0x50	16:22:58.009	-1.0698	-0.1709	0.3804	2.0142	-82.8857	16.9067	-13.3209	65.5829	-22.0551	38.2536 
0x50	16:22:58.021	-1.0195	-0.1162	0.3765	-1.0986	-31.5552	27.0996	-9.8877	64.4183	-18.0725	38.2595 
0x50	16:22:58.070	-1.0376	-0.1191	0.4282	-10.8032	-55.0537	30.5176	-7.4268	62.3474	-14.6558	38.2683 
0x50	16:22:58.120	-0.9546	-0.0640	0.4487	-4.5166	-40.0391	29.9683	-4.4879	60.6061	-11.0028	38.2624 
0x50	16:22:58.168	-0.9663	-0.0601	0.4917	-1.5869	-35.9497	41.9922	-1.0382	59.0955	-6.8610	38.2801 
0x50	16:22:58.253	-0.9961	-0.0332	0.4941	-0.4272	-20.3247	31.1890	1.4337	58.1946	-3.8287	38.2889 
0x50	16:22:58.253	-0.9351	-0.0288	0.5439	-6.0425	-33.8135	10.1929	2.1533	56.6730	-2.6971	38.3036 
0x50	16:22:58.299	-0.9258	-0.0186	0.5532	-11.2305	-30.5176	-3.6011	1.1810	55.2283	-3.1146	38.3007 
0x50	16:22:58.348	-0.9287	-0.0146	0.5688	-2.2583	-14.2212	-2.6245	1.0767	54.5416	-2.9169	38.3212 
0x50	16:22:58.397	-0.9136	-0.0332	0.5630	-0.9155	-26.2451	-18.3105	-0.3241	53.3386	-4.5099	38.3183 
0x50	16:22:58.450	-0.9150	-0.0508	0.5859	-9.2773	-33.8745	-8.8501	-1.7358	51.6577	-5.5591	38.3242 
0x50	16:22:58.494	-0.8779	-0.0718	0.6362	5.9814	-47.7905	-30.2734	-3.2739	49.2957	-7.8223	38.3359 
0x50	16:22:58.543	-0.8799	-0.0840	0.6650	8.9722	-48.8281	-29.9072	-3.9990	46.7303	-9.1132	38.3418 
0x50	16:22:58.592	-0.7563	-0.1055	0.6963	2.3193	-83.8013	-33.2031	-5.3558	43.0609	-11.3544	38.3389 
0x50	16:22:58.649	-0.7397	-0.0962	0.7554	1.7700	-45.5322	-12.7563	-5.9601	40.5615	-12.1783	38.3536 
0x50	16:22:58.690	-0.6841	-0.1577	0.8203	10.5591	-48.4619	-10.6812	-5.5865	38.4576	-12.5354	38.3683 
0x50	16:22:58.738	-0.6875	-0.0845	0.7573	-3.7842	-23.5596	12.0239	-4.8285	36.3153	-11.2830	38.3771 
0x50	16:22:58.788	-0.6484	-0.1162	0.8496	-2.3193	-3.5400	-2.1973	-5.0317	36.0571	-11.2939	38.3830 
0x50	16:22:58.844	-0.6680	-0.0591	0.7930	0.4272	-47.3022	29.1138	-4.4330	34.0906	-9.9207	38.3830 
0x50	16:22:58.885	-0.6772	-0.0957	0.8750	2.8687	5.9204	15.3809	-3.7189	34.1730	-8.6792	38.3830 
0x50	16:22:58.935	-0.6328	-0.0947	0.8203	-2.9297	-13.8550	19.1650	-3.2465	33.7775	-7.6245	38.4007 
0x50	16:22:58.983	-0.6689	-0.0767	0.8315	-4.9438	-9.3384	10.8032	-3.3289	33.4204	-6.9708	38.3977 
0x50	16:22:59.042	-0.6455	-0.0522	0.8794	7.3853	-31.8604	28.8086	-2.3456	32.1130	-5.5591	38.4095 
0x50	16:22:59.080	-0.5908	-0.0859	0.8457	-5.9814	1.0986	7.5073	-2.0435	32.1844	-4.6857	38.4124 
0x50	16:22:59.129	-0.6138	-0.0547	0.8564	5.0659	-31.2500	19.2261	-1.5381	30.8331	-3.7408	38.4154 
0x50	16:22:59.178	-0.5957	-0.0464	0.8447	-3.6621	-9.9487	-2.2583	-1.6425	30.4486	-3.5706	38.4212 
0x50	16:22:59.239	-0.5654	-0.0659	0.8916	-1.6479	-40.3442	10.3760	-1.5326	28.7128	-3.1696	38.4212 
0x50	16:22:59.276	-0.5762	-0.0381	0.9131	-5.1270	-22.3389	1.7090	-1.9226	27.4274	-2.9718	38.4301 
0x50	16:22:59.325	-0.5444	-0.0459	0.9023	6.2866	-19.5923	4.5166	-1.5051	26.5430	-2.6807	38.4330 
0x50	16:22:59.423	-0.5020	-0.0806	0.9238	-4.2114	-26.1841	-3.4790	-1.6809	25.3949	-2.7521	38.4418 
0x50	16:22:59.492	-0.5171	-0.0562	0.9360	-6.6528	0.5493	-8.8501	-2.2522	25.4773	-3.2465	38.4330 
0x50	16:22:59.520	-0.5146	-0.0527	0.8765	4.0283	-12.6953	7.1411	-1.9556	24.4885	-2.8949	38.4360 
0x50	16:22:59.569	-0.4893	-0.0957	0.9287	3.9673	-4.2725	1.8311	-1.7908	24.3457	-2.7905	38.4418 
0x50	16:22:59.618	-0.4634	-0.0430	0.8877	4.0894	-20.7520	5.0049	-1.4612	22.8406	-2.3785	38.4448 
0x50	16:22:59.693	-0.4624	-0.0718	0.9556	1.7700	-8.7891	-3.9673	-1.5051	22.4615	-2.5818	38.4448 
0x50	16:22:59.716	-0.4517	-0.0459	0.9673	-12.5732	-36.3159	-5.6763	-2.2742	20.7697	-2.8839	38.4536 
0x50	16:22:59.765	-0.4370	-0.0439	0.9360	-1.7090	-13.0005	-6.1035	-2.4719	20.2039	-3.1805	38.4448 
0x50	16:22:59.813	-0.3804	-0.0815	0.9443	-3.5400	-33.4473	-3.7842	-2.7246	18.7262	-3.3563	38.4654 
0x50	16:22:59.887	-0.3696	-0.0713	0.9761	-5.7983	-6.2256	-10.6201	-3.2135	18.4296	-3.9001	38.4565 
0x50	16:22:59.896	-0.3438	-0.0693	0.9463	-3.2349	-49.9878	-9.0942	-3.4772	16.3916	-4.3726	38.4565 
0x50	16:22:59.945	-0.3271	-0.1016	0.9600	-1.5259	-42.8467	1.4038	-3.5486	14.3372	-4.1638	38.4683 
0x50	16:22:59.993	-0.2759	-0.0903	0.9971	-2.0142	-14.2822	-6.7139	-4.0485	13.7000	-4.6417	38.4771 
0x50	16:23:00.078	-0.2681	-0.1084	1.0181	3.8452	-33.7524	7.6294	-3.7793	12.0905	-4.1254	38.4712 
0x50	16:23:00.091	-0.2471	-0.1274	1.0020	-3.7231	-9.8877	4.6997	-3.8452	11.9147	-3.8177	38.4683 
0x50	16:23:00.140	-0.2993	-0.0742	0.9790	2.4414	-14.4043	13.7329	-3.5815	11.3489	-3.0707	38.4801 
0x50	16:23:00.197	-0.2266	-0.0625	0.9570	-3.2959	-14.2822	6.0425	-3.7024	10.6622	-2.7301	38.4860 
0x50	16:23:00.271	-0.2085	-0.0942	0.9873	7.6904	-22.5830	15.2588	-3.2080	9.6240	-1.8842	38.4742 
0x50	16:23:00.286	-0.2314	-0.1235	1.0181	10.5591	-2.1973	14.8315	-2.5543	9.7284	-1.1261	38.4889 
0x50	16:23:00.335	-0.2183	-0.0728	1.0039	1.4038	-43.2739	25.2075	-2.3016	7.7014	0.2417	38.4771 
0x50	16:23:00.384	-0.2007	-0.0962	1.0474	4.6387	-9.2773	21.2402	-1.7303	7.4927	1.4392	38.4771 
0x50	16:23:00.463	-0.1792	-0.0586	1.0527	2.6855	-32.4097	18.6157	-1.5106	5.9656	2.4280	38.4830 
0x50	16:23:00.482	-0.1470	-0.0347	0.9478	-6.6528	-17.5171	20.1416	-1.7963	4.3781	4.0265	38.4918 
0x50	16:23:00.531	-0.1216	-0.0537	1.0264	0.2441	-35.2173	2.9297	-1.7908	2.6971	4.2297	38.4860 
0x50	16:23:00.580	-0.0645	-0.0947	1.0347	-0.3662	-1.7090	7.2021	-1.6260	2.0325	4.8999	38.4771 
0x50	16:23:00.655	-0.0811	-0.0117	0.9956	-9.2773	-49.3774	19.2261	-2.0380	-0.3131	5.9381	38.4918 
0x50	16:23:00.677	0.0015	-0.0947	1.0225	-11.2915	-55.0537	16.2964	-2.3511	-2.4225	6.9049	38.4860 
0x50	16:23:00.726	-0.0068	-0.0562	1.0044	5.0049	-29.2969	21.3013	-2.1753	-3.7683	8.0310	38.4860 
0x50	16:23:00.775	0.0664	-0.0820	1.0562	-0.3662	-60.3638	27.5269	-2.3181	-6.2512	9.4153	38.5065 
0x50	16:23:00.824	0.0859	-0.0405	0.9224	-1.7090	-27.4658	28.5645	-2.5708	-7.5256	10.9094	38.4977 
0x50	16:23:00.898	0.1138	-0.0972	1.0444	3.3569	-12.8784	22.9492	-2.5104	-7.9376	12.0135	38.5036 
0x50	16:23:00.922	0.1060	-0.0718	0.9614	-7.4463	-17.7612	14.5264	-3.0212	-8.7451	12.7881	38.4977 
0x50	16:23:01.020	0.0991	-0.0688	0.9790	26.1230	23.4375	9.3384	-2.0819	-7.7673	13.2550	38.4918 
0x50	16:23:01.102	0.1011	-0.0840	1.0005	-0.6104	-3.7842	-0.7935	-2.1588	-7.9156	13.2220	38.4977 
0x50	16:23:01.117	0.1313	-0.0503	0.9683	3.9673	22.4609	4.9438	-2.3950	-7.6355	13.5077	38.5036 
0x50	16:23:01.166	0.0781	-0.1240	1.0576	-6.7749	3.9673	12.5122	-2.8949	-7.3444	14.1339	38.4889 
0x50	16:23:01.215	0.1011	-0.0303	0.9497	-0.5493	9.5215	-12.2681	-3.2190	-7.1246	13.6945	38.4889 
0x50	16:23:01.296	0.1167	-0.0879	1.0039	-5.2490	2.2583	-11.6577	-3.4442	-7.0367	13.1012	38.5036 
0x50	16:23:01.312	0.0889	-0.0688	0.9688	19.4092	28.8696	4.3335	-2.9114	-6.5149	13.2001	38.4918 
0x50	16:23:01.361	0.0669	-0.0811	1.0000	6.8359	16.7847	5.6152	-2.6367	-5.6250	13.4363	38.4918 
0x50	16:23:01.411	0.0977	-0.0840	0.9541	-4.4556	-8.6060	-7.8125	-2.8125	-6.3995	13.1836	38.4948 
0x50	16:23:01.444	0.0786	-0.0801	0.9785	-10.1318	6.9580	-9.6436	-3.2245	-5.9875	12.6892	38.4977 
0x50	16:23:01.492	0.0767	-0.0957	0.9849	3.7231	2.4414	-10.1318	-2.8729	-5.8667	12.2113	38.4860 
0x50	16:23:01.542	0.0615	-0.0703	1.0034	-4.5776	23.8647	-11.8408	-3.0377	-4.8615	11.5631	38.4977 
0x50	16:23:01.590	0.0352	-0.0928	0.9858	10.0098	7.2632	-11.9629	-2.3621	-4.2352	10.9314	38.4918 
0x50	16:23:01.640	0.0469	-0.0620	0.9839	-7.6904	24.5361	-9.8877	-2.4390	-3.3783	10.4041	38.4830 
0x50	16:23:01.689	0.0161	-0.0615	0.9790	22.0337	38.5742	-8.1787	-1.7963	-1.9720	9.8492	38.4830 
0x50	16:23:01.737	-0.0195	-0.0356	1.0493	-5.9204	18.2495	8.9111	-1.7468	-0.9558	10.0360	38.4860 
0x50	16:23:01.786	-0.0229	-0.0615	1.0234	-6.7749	15.3809	-4.4556	-1.8182	-0.0604	9.8987	38.4830 
0x50	16:23:01.834	-0.0459	-0.0957	0.9985	-23.6816	10.0708	-9.1553	-2.8180	0.4889	9.5361	38.4801 
0x50	16:23:01.883	-0.0381	-0.0859	0.9946	-4.9438	3.7842	-3.2349	-3.2520	0.7196	9.3109	38.4801 
0x50	16:23:01.933	-0.0449	-0.0903	0.9844	-3.8452	4.8218	4.5776	-3.5541	0.9888	9.4043	38.4918 
0x50	16:23:01.981	-0.0518	-0.0918	1.0024	2.8076	1.3428	-4.0894	-3.5980	1.1096	9.2615	38.4889 
0x50	16:23:02.068	-0.0430	-0.0571	0.9966	-8.5449	5.7983	-6.5308	-4.0320	1.3623	8.8824	38.4889 
0x50	16:23:02.078	-0.0601	-0.0967	1.0269	4.2725	3.1128	0.0000	-3.6914	1.5326	8.8550	38.4771 
0x50	16:23:02.127	-0.0420	-0.0840	1.0244	-10.1929	3.9673	-2.3193	-4.0759	1.7413	8.7561	38.4889 
0x50	16:23:02.176	-0.0586	-0.0850	0.9907	6.1646	2.2583	2.8076	-3.7024	1.8347	8.8550	38.4977 
0x50	16:23:02.224	-0.0513	-0.0786	0.9839	3.1738	2.0142	-2.7466	-3.5815	1.9995	8.8165	38.4918 
0x50	16:23:02.317	-0.0542	-0.0576	0.9429	54.8706	3.9673	19.4092	-1.9720	2.2247	9.2944	38.4918 
0x50	16:23:02.322	-0.0625	-0.0645	1.0073	17.0288	3.7231	-2.4414	-0.5493	2.4445	9.4867	38.4860 
0x50	16:23:02.371	-0.0698	-0.0396	1.0220	17.4561	8.7280	-3.9673	0.2637	2.9059	9.2889	38.4830 
0x50	16:23:02.421	-0.0757	-0.0293	1.0391	-34.9121	-23.8647	-10.5591	-1.4282	1.9885	8.6957	38.4801 
0x50	16:23:02.512	-0.0474	-0.0396	0.9863	-7.9346	-5.0049	-16.3574	-1.8622	1.7358	7.8827	38.4860 
0x50	16:23:02.518	-0.0103	-0.0586	0.9941	21.9727	13.0005	-11.9629	-1.2250	1.7908	7.3883	38.4918 
0x50	16:23:02.615	-0.0415	-0.0776	1.0034	-0.7935	-13.6719	4.8218	-1.3184	1.1316	7.6465	38.4830 
0x50	16:23:02.702	-0.0464	-0.0132	0.9131	-21.9727	10.0708	56.1523	-2.4335	0.8020	8.9044	38.4860 
0x50	16:23:02.713	-0.0225	-0.0410	1.1738	-33.8135	-74.7681	12.2681	-4.0924	-2.8345	9.7009	38.4801 
0x50	16:23:02.762	-0.0229	-0.0522	0.9072	-5.0659	7.9956	-1.8311	-4.1199	-2.9004	9.9261	38.4683 
0x50	16:23:02.811	0.0039	-0.0732	1.0596	1.8311	15.2588	-1.5259	-4.0155	-2.1039	9.7943	38.4742 
0x50	16:23:02.895	-0.0640	-0.0576	0.9639	1.0376	8.5449	-10.6812	-3.9771	-2.0050	9.4043	38.4683 
0x50	16:23:02.909	0.0308	-0.0903	1.0215	3.3569	-9.3994	-3.7842	-3.8287	-2.4774	9.2505	38.4595 
0x50	16:23:02.957	0.0308	-0.0825	0.9561	4.4556	-0.6104	4.5776	-3.5870	-2.3730	9.3219	38.4771 
0x50	16:23:03.006	0.0337	-0.0801	1.0156	1.7090	5.7373	-4.0283	-3.5156	-2.0929	9.1022	38.4771 
0x50	16:23:03.039	-0.0020	-0.0669	1.1025	13.9160	10.9253	2.1973	-3.0432	-1.4832	9.1791	38.4654 
0x50	16:23:03.091	0.0034	-0.0703	0.9731	7.4463	-3.4180	18.0664	-2.7246	-1.5765	10.0909	38.4742 
0x50	16:23:03.137	0.0142	-0.0493	1.0913	11.6577	-1.2207	2.0142	-2.2906	-1.6370	10.2777	38.4683 
0x50	16:23:03.187	-0.0093	-0.0576	0.9590	9.3384	-17.1509	13.5498	-1.8787	-2.4115	10.9863	38.4654 
0x50	16:23:03.235	0.0151	-0.0283	1.0044	11.2305	-1.1597	8.9722	-1.4392	-2.3401	11.5906	38.4595 
0x50	16:23:03.284	0.0352	-0.0542	0.9697	10.3760	5.6763	0.4883	-0.9613	-2.0544	11.6125	38.4565 
0x50	16:23:03.335	-0.0552	0.0054	0.9829	10.8643	3.9063	3.9063	-0.5219	-1.9391	11.8378	38.4624 
0x50	16:23:03.381	0.0513	-0.0410	1.0327	5.5542	14.0991	0.8545	-0.2856	-1.2579	11.8762	38.4477 
0x50	16:23:03.431	-0.0166	0.0000	1.0146	0.8545	9.1553	-1.9531	-0.3076	-0.8295	11.7664	38.4565 
0x50	16:23:03.479	-0.0645	-0.0034	1.0132	5.7983	-0.1831	8.4839	-0.0220	-0.7471	12.1893	38.4536 
0x50	16:23:03.528	-0.0083	-0.0313	1.0298	-2.6855	10.7422	-4.5166	-0.1483	-0.0989	11.9696	38.4565 
0x50	16:23:03.577	-0.0181	0.0000	1.0239	1.4038	11.2915	2.5635	-0.0714	0.4724	12.0959	38.4536 
0x50	16:23:03.626	-0.0850	-0.0010	0.9844	-0.3052	12.2681	-6.5918	-0.1648	0.8075	11.8323	38.4624 
0x50	16:23:03.675	-0.0342	-0.0024	1.0269	3.3569	6.8359	-1.8311	0.0000	1.1646	11.7444	38.4448 
0x50	16:23:03.724	-0.0586	-0.0112	1.0015	-0.6104	9.6436	-7.1411	-0.0769	1.6534	11.4038	38.4565 
0x50	16:23:03.772	-0.0391	-0.0020	1.0327	2.1973	15.9912	-4.6387	0.0165	2.4500	11.1731	38.4507 
0x50	16:23:03.821	-0.0913	-0.0049	1.0249	-2.9297	10.1318	-6.0425	-0.1538	2.8235	10.9094	38.4301 
0x50	16:23:03.912	-0.0479	-0.0278	1.0186	3.2959	4.0894	2.2583	-0.0165	3.0212	11.0193	38.4389 
0x50	16:23:03.920	-0.0801	-0.0078	1.0264	0.2441	-4.5166	-1.3428	-0.0769	2.9059	10.9149	38.4448 
0x50	16:23:03.968	-0.0669	0.0039	1.0068	1.7700	4.2725	-1.4038	0.0055	3.1366	10.8435	38.4242 
0x50	16:23:04.017	-0.0757	-0.0073	1.0391	0.6104	1.6479	0.0000	-0.0385	3.2025	10.7721	38.4242 
0x50	16:23:04.103	-0.0552	-0.0186	1.0000	2.3804	0.8545	1.4038	0.0549	3.2410	10.8380	38.4301 
0x50	16:23:04.114	-0.1240	0.0054	0.9746	0.3052	-3.8452	1.2207	0.0714	3.0707	10.9039	38.4360 
0x50	16:23:04.212	-0.0459	-0.0151	1.0439	0.6104	3.1738	-2.8687	0.0769	3.2135	10.7611	38.4301 
0x50	16:23:04.261	-0.0889	-0.0015	0.9688	2.4414	2.1362	0.5493	0.2142	3.2849	10.7611	38.4271 
0x50	16:23:04.347	-0.0537	-0.0117	1.0435	-0.6104	2.0752	-2.0752	0.1648	3.3838	10.6567	38.4183 
0x50	16:23:04.358	-0.0820	0.0020	1.0220	1.6479	1.6479	0.7324	0.2197	3.4552	10.6512	38.4212 
0x50	16:23:04.409	-0.0620	-0.0044	1.0313	1.8921	1.2207	-0.4272	0.3021	3.5101	10.6293	38.4271 
0x50	16:23:04.457	-0.0898	0.0073	0.9785	0.1831	4.3335	0.0000	0.3186	3.4387	10.6787	38.4095 
0x50	16:23:04.538	-0.0586	-0.0132	1.0117	-0.8545	2.3804	0.0000	0.2582	3.5541	10.6787	38.4154 
0x50	16:23:04.555	-0.0977	0.0034	1.0112	1.6479	-1.2207	1.3428	0.3131	3.4772	10.7117	38.4065 
0x50	16:23:04.603	-0.0796	0.0063	0.9858	-0.1831	2.5024	0.2441	0.3406	3.6090	10.7501	38.4095 
0x50	16:23:04.637	-0.0693	0.0000	1.0278	0.0000	0.9766	1.7700	0.3241	3.5870	10.8380	38.3977 
0x50	16:23:04.686	-0.0742	0.0015	1.0039	0.0000	5.9814	0.4272	0.3516	3.7848	10.8929	38.4007 
0x50	16:23:04.735	-0.0830	0.0083	1.0190	0.4272	-3.4790	0.0000	0.3571	3.6255	10.8984	38.3860 
0x50	16:23:04.784	-0.0684	0.0000	0.9829	2.0142	3.4790	0.5493	0.4834	3.7573	10.9424	38.4036 
0x50	16:23:04.834	-0.0747	0.0068	1.0137	3.4790	-5.0659	1.8921	0.5878	3.5706	10.9808	38.3889 
0x50	16:23:04.881	-0.0708	0.0000	1.0278	0.0000	0.6714	-1.4648	0.6042	3.6584	10.9314	38.3860 
0x50	16:23:04.931	-0.0684	0.0029	0.9980	0.0000	-1.3428	-0.3052	0.6372	3.6475	10.9534	38.3860 
0x50	16:23:04.979	-0.0796	0.0103	0.9995	1.8921	3.9063	0.2441	0.7031	3.7738	10.9424	38.3918 
0x50	16:23:05.028	-0.0791	0.0024	1.0361	-1.7090	-5.9814	-2.0142	0.5933	3.5156	10.8380	38.3860 
0x50	16:23:05.077	-0.0913	-0.0024	0.9863	-0.9766	2.8687	0.0000	0.5438	3.6584	10.8325	38.3742 
0x50	16:23:05.126	-0.1064	-0.0107	1.0376	-1.8921	-0.6104	2.3193	0.3955	3.5870	10.8655	38.3977 
0x50	16:23:05.174	-0.0918	-0.0029	1.0234	0.0000	-2.6855	4.9438	0.3680	3.6035	11.0632	38.3801 
0x50	16:23:05.223	-0.0605	-0.0005	0.9868	5.0049	4.4556	0.7935	0.6097	3.8177	11.1072	38.3683 
0x50	16:23:05.272	-0.0928	0.0420	0.9849	0.4883	-3.6621	-1.2207	0.6097	3.7244	11.0303	38.3624 
0x50	16:23:05.321	-0.0737	0.0269	0.9917	1.2817	-5.1270	-0.6104	0.6921	3.4827	10.9973	38.3565 
0x50	16:23:05.370	-0.0771	-0.0088	0.9937	-1.7090	-5.3711	-1.7700	0.5933	3.3783	10.8655	38.3742 
0x50	16:23:05.419	-0.0679	-0.0083	1.0234	-3.7231	-0.9155	-2.6855	0.3790	3.3453	10.7281	38.3595 
0x50	16:23:05.468	-0.0742	-0.0010	1.0195	-0.4272	-5.7373	-1.0376	0.2966	3.2410	10.6018	38.3565 
0x50	16:23:05.516	-0.0610	-0.0054	1.0000	-1.5259	0.6104	-1.8921	0.2032	3.2739	10.5029	38.3448 
0x50	16:23:05.565	-0.0825	0.0063	0.9971	0.8545	-2.2583	-0.6104	0.1813	3.2465	10.4370	38.3389 
0x50	16:23:05.614	-0.0806	-0.0107	1.0083	-2.3193	1.0376	-1.9531	0.0439	3.3234	10.3381	38.3507 
0x50	16:23:05.663	-0.0942	0.0161	1.0073	0.0000	-3.2349	1.5869	0.0275	3.2794	10.3491	38.3359 
0x50	16:23:05.712	-0.0615	-0.0122	1.0161	1.5869	-2.7466	2.9297	0.1044	3.1476	10.4974	38.3477 
0x50	16:23:05.810	-0.0742	0.0015	0.9980	1.4648	3.2349	-0.8545	0.1483	3.2904	10.4315	38.3242 
0x50	16:23:05.858	-0.0566	0.0044	1.0259	1.4648	-2.0142	0.6714	0.2252	3.1915	10.4645	38.3271 
0x50	16:23:05.945	-0.0938	-0.0039	0.9854	-0.1831	1.5259	-0.1831	0.2307	3.1531	10.4755	38.3242 
0x50	16:23:05.956	-0.0669	-0.0010	0.9937	0.4272	0.4883	0.2441	0.2472	3.1915	10.4865	38.3242 
0x50	16:23:06.005	-0.0811	0.0054	1.0171	0.7935	0.4272	0.0000	0.2637	3.2794	10.4645	38.3271 
0x50	16:23:06.054	-0.0518	0.0005	1.0166	0.2441	0.4272	0.3052	0.2692	3.2959	10.4810	38.3271 
0x50	16:23:06.139	-0.0825	-0.0005	0.9888	-0.4883	1.8311	1.7090	0.2911	3.2355	10.5908	38.3124 
0x50	16:23:06.152	-0.0630	0.0083	0.9893	-1.0376	2.1362	-0.7324	0.2417	3.3453	10.5524	38.3242 
0x50	16:23:06.201	-0.0645	-0.0073	1.0322	-0.7935	0.0000	0.6104	0.2197	3.2904	10.6073	38.3095 
0x50	16:23:06.234	-0.0815	0.0137	0.9819	-1.0376	3.1738	-0.7324	0.1813	3.4717	10.5688	38.3036 
0x50	16:23:06.295	-0.0703	0.0015	1.0142	-1.1597	2.5635	-1.4038	0.1263	3.5706	10.5084	38.3183 
0x50	16:23:06.331	-0.0854	-0.0020	1.0142	-0.2441	0.8545	0.5493	0.1154	3.6420	10.5359	38.3095 
0x50	16:23:06.390	-0.0752	0.0024	1.0059	-0.7324	5.0049	-0.4272	0.0879	3.7848	10.5249	38.3183 
0x50	16:23:06.430	-0.0762	0.0073	1.0127	1.7090	-1.0986	1.7700	0.1868	3.7408	10.6128	38.3124 
0x50	16:23:06.478	-0.0776	-0.0039	1.0171	-1.3428	2.0752	-1.0986	0.1208	3.8068	10.5688	38.3007 
0x50	16:23:06.531	-0.0664	0.0015	0.9966	1.4648	-2.7466	2.0142	0.1978	3.6694	10.6677	38.2918 
0x50	16:23:06.576	-0.0928	-0.0005	1.0146	0.0000	-0.5493	0.7324	0.1538	3.6804	10.6732	38.2977 
0x50	16:23:06.625	-0.0830	0.0010	1.0029	0.5493	-1.7090	0.7935	0.1813	3.6200	10.7172	38.3124 
0x50	16:23:06.674	-0.0664	0.0029	1.0156	0.3052	-2.1362	0.0000	0.1923	3.6420	10.7007	38.2889 
0x50	16:23:06.722	-0.0898	-0.0005	1.0127	-0.4272	0.3052	0.1831	0.1703	3.6804	10.7117	38.2889 
0x50	16:23:06.775	-0.0654	0.0054	0.9897	-0.6714	0.8545	-1.2207	0.1373	3.7683	10.6622	38.2889 
0x50	16:23:06.821	-0.0981	-0.0020	0.9990	0.6714	-1.9531	1.4648	0.1703	3.7079	10.7336	38.2918 
0x50	16:23:06.870	-0.0664	-0.0020	1.0093	-0.4883	1.0986	-0.4272	0.1373	3.7463	10.7227	38.2859 
0x50	16:23:06.919