StartTime: 2020-01-03 15:57:22.479
address	Time(s)	ax(g)	ay(g)	az(g)	wx(deg/s)	wy(deg/s)	wz(deg/s)	AngleX(deg)	AngleY(deg)	AngleZ(deg)	T(°) 
0x50	16:14:07.829	-0.0410	-0.0615	1.0078	0.3662	0.3052	-1.7700	-3.3838	2.3016	88.5498	38.3712 
0x50	16:14:07.907	-0.0288	-0.0625	1.0103	-0.6104	0.0000	1.5259	-3.4058	2.3126	88.5992	38.3742 
0x50	16:14:07.926	-0.0342	-0.0596	1.0117	0.4883	-1.0376	0.0000	-3.3783	2.2522	88.6047	38.3742 
0x50	16:14:07.974	-0.0356	-0.0645	1.0054	-0.1831	-0.3052	0.5493	-3.3893	2.2522	88.6322	38.3801 
0x50	16:14:08.025	-0.0361	-0.0586	1.0122	0.0000	-0.7324	-0.3052	-3.3893	2.2083	88.6212	38.3771 
0x50	16:14:08.110	-0.0444	-0.0654	0.9932	-0.4883	0.7935	0.0000	-3.4003	2.2412	88.5938	38.3801 
0x50	16:14:08.122	-0.0337	-0.0610	1.0151	-0.5493	0.0000	-0.4883	-3.4277	2.2302	88.5718	38.3624 
0x50	16:14:08.171	-0.0293	-0.0659	1.0000	-0.1831	0.0000	0.9155	-3.4277	2.2467	88.5883	38.3624 
0x50	16:14:08.259	-0.0386	-0.0630	1.0098	0.0000	0.7935	-1.0986	-3.4332	2.2797	88.5278	38.3712 
0x50	16:14:08.277	-0.0317	-0.0640	0.9995	0.4272	1.1597	0.7935	-3.4003	2.2906	88.5663	38.3624 
0x50	16:14:08.317	-0.0391	-0.0635	1.0000	-0.5493	-0.3052	0.1831	-3.4332	2.2742	88.5773	38.3712 
0x50	16:14:08.365	-0.0439	-0.0615	1.0103	0.6104	1.7090	-0.9155	-3.4167	2.3126	88.5443	38.3712 
0x50	16:14:08.414	-0.0313	-0.0645	0.9902	0.0000	-1.7090	1.8311	-3.4167	2.2192	88.6432	38.3654 
0x50	16:14:08.516	-0.0381	-0.0566	1.0132	0.4272	0.3052	-1.5259	-3.4113	2.2577	88.5333	38.3595 
0x50	16:14:08.516	-0.0435	-0.0693	0.9927	-0.2441	-1.5869	1.9531	-3.4277	2.1863	88.6322	38.3624 
0x50	16:14:08.561	-0.0327	-0.0557	1.0220	0.3052	0.1831	-0.6714	-3.4332	2.1918	88.5608	38.3565 
0x50	16:14:08.659	-0.0483	-0.0664	0.9976	0.6104	0.0000	0.0000	-3.4113	2.2083	88.5608	38.3683 
0x50	16:14:08.725	-0.0347	-0.0581	1.0122	0.0000	0.4272	-0.3052	-3.4167	2.2028	88.5498	38.3624 
0x50	16:14:08.756	-0.0410	-0.0630	1.0039	0.3052	0.3662	0.0000	-3.4058	2.2247	88.5498	38.3595 
0x50	16:14:08.805	-0.0317	-0.0601	1.0073	0.3052	0.0000	0.0000	-3.3948	2.2083	88.5498	38.3624 
0x50	16:14:08.867	-0.0322	-0.0601	1.0005	0.1831	-0.6714	-0.2441	-3.3838	2.1698	88.5388	38.3742 
0x50	16:14:08.902	-0.0410	-0.0586	1.0039	-0.6714	-1.2207	0.0000	-3.4113	2.0984	88.5498	38.3565 
0x50	16:14:08.952	-0.0376	-0.0635	1.0112	0.0000	0.9155	-0.6104	-3.4167	2.1423	88.5114	38.3389 
0x50	16:14:09.000	-0.0308	-0.0625	1.0078	-0.5493	0.2441	-1.5869	-3.4387	2.1643	88.4399	38.3448 
0x50	16:14:09.049	-0.0479	-0.0610	1.0103	0.2441	0.6104	0.3662	-3.4277	2.2028	88.4564	38.3507 
0x50	16:14:09.113	-0.0308	-0.0640	1.0063	0.2441	0.0000	-0.7935	-3.4167	2.1973	88.4180	38.3595 
0x50	16:14:09.276	-0.0444	-0.0591	1.0083	0.3662	-0.7935	1.1597	-3.3948	2.1698	88.4784	38.3477 
0x50	16:14:09.277	-0.0151	-0.0581	1.0063	-0.2441	0.1831	-0.7324	-3.4003	2.1808	88.4235	38.3477 
0x50	16:14:09.277	-0.0420	-0.0576	1.0054	-0.3662	-2.6855	2.1362	-3.4113	2.0599	88.5388	38.3389 
0x50	16:14:09.278	-0.0327	-0.0635	1.0181	0.0000	-0.4272	-1.2207	-3.4332	2.0764	88.4509	38.3389 
0x50	16:14:09.331	-0.0381	-0.0625	1.0083	0.0000	-0.2441	2.4414	-3.4332	2.0764	88.5773	38.3477 
0x50	16:14:09.376	-0.0337	-0.0640	1.0015	0.0000	0.0000	-1.0376	-3.4222	2.0764	88.5223	38.3418 
0x50	16:14:09.425	-0.0381	-0.0630	1.0098	0.0000	1.8311	1.7090	-3.4222	2.1753	88.5992	38.3359 
0x50	16:14:09.474	-0.0259	-0.0620	0.9995	0.4272	-0.4272	-0.4883	-3.3948	2.1368	88.5883	38.3242 
0x50	16:14:09.522	-0.0439	-0.0654	1.0010	-0.4272	2.5024	-0.3052	-3.4222	2.2632	88.5663	38.3448 
0x50	16:14:09.571	-0.0308	-0.0601	1.0083	0.5493	-0.1831	-0.3662	-3.4003	2.2302	88.5553	38.3389 
0x50	16:14:09.620	-0.0366	-0.0649	1.0005	-0.1831	0.7935	0.0000	-3.4167	2.2687	88.5553	38.3301 
0x50	16:14:09.669	-0.0332	-0.0576	1.0200	0.3662	-0.9766	0.4883	-3.4058	2.2247	88.5663	38.3359 
0x50	16:14:09.718	-0.0298	-0.0664	1.0000	0.0000	2.1362	0.3052	-3.3948	2.2632	88.6212	38.3389 
0x50	16:14:09.766	-0.0347	-0.0586	1.0127	0.3662	1.3428	-1.1597	-3.3838	2.2906	88.5553	38.3389 
0x50	16:14:09.816	-0.0161	-0.0620	1.0063	0.3662	-0.1831	0.7935	-3.3563	2.3071	88.5828	38.3330 
0x50	16:14:09.865	-0.0508	-0.0596	1.0034	0.0000	0.8545	0.0000	-3.3563	2.2906	88.6212	38.3330 
0x50	16:14:09.913	-0.0283	-0.0586	1.0151	0.6104	0.0000	-0.3662	-3.3344	2.3566	88.5608	38.3124 
0x50	16:14:09.963	-0.0449	-0.0620	1.0000	0.0000	0.5493	1.4038	-3.3289	2.3511	88.6377	38.3242 
0x50	16:14:10.012	-0.0293	-0.0571	1.0200	0.6104	0.0000	0.6714	-3.3124	2.3895	88.6707	38.3183 
0x50	16:14:10.064	-0.0464	-0.0566	1.0088	1.2817	0.4883	2.9297	-3.2465	2.4115	88.7805	38.3154 
0x50	16:14:10.109	-0.0269	-0.0664	1.0132	0.8545	4.8218	1.3428	-3.2025	2.6202	88.8574	38.3301 
0x50	16:14:10.159	-0.0322	-0.0464	0.9971	0.4883	-0.4272	3.8452	-3.1476	2.5873	89.0497	38.3242 
0x50	16:14:10.255	-0.0581	-0.0630	0.9858	0.1831	4.0283	0.5493	-3.1201	2.7411	89.0936	38.3095 
0x50	16:14:10.304	-0.0381	-0.0542	1.0342	1.5869	1.9531	0.5493	-3.0762	2.8839	89.0717	38.3242 
0x50	16:14:10.352	-0.0659	-0.0576	1.0098	2.8687	6.7749	3.7231	-2.9388	3.1256	89.2255	38.3212 
0x50	16:14:10.402	-0.0562	-0.0542	0.9844	2.1362	0.3052	3.4790	-2.8070	3.1421	89.3628	38.3154 
0x50	16:14:10.451	-0.0444	-0.0503	1.0103	1.5259	3.9063	1.8921	-2.7301	3.3179	89.4727	38.3095 
0x50	16:14:10.499	-0.0669	-0.0405	0.9971	1.7090	1.7700	0.5493	-2.6367	3.4167	89.4946	38.3124 
0x50	16:14:10.548	-0.0537	-0.0576	1.0005	-0.6714	3.2349	0.9155	-2.6697	3.5156	89.5880	38.3095 
0x50	16:14:10.597	-0.0591	-0.0405	1.0161	0.3662	-0.3662	0.5493	-2.6422	3.4937	89.6155	38.3154 
0x50	16:14:10.646	-0.0532	-0.0430	1.0190	1.2817	1.9531	2.6245	-2.5928	3.5486	89.7198	38.3036 
0x50	16:14:10.679	-0.0542	-0.0645	1.0068	1.7090	2.0752	1.3428	-2.5269	3.6420	89.7858	38.3183 
0x50	16:14:10.728	-0.0356	-0.0405	1.0239	1.2817	-0.4272	1.7090	-2.4829	3.6584	89.8297	38.3242 
0x50	16:14:10.777	-0.0674	-0.0557	0.9873	0.0000	-1.7700	3.0518	-2.4884	3.5815	89.9890	38.3036 
0x50	16:14:10.826	-0.0771	-0.0381	1.0405	2.1973	1.1597	0.9766	-2.4225	3.6639	90.0220	38.3095 
0x50	16:14:10.875	-0.0498	-0.0547	0.9893	1.8921	-0.9766	4.0283	-2.3346	3.6090	90.2252	38.3065 
0x50	16:14:10.924	-0.0498	-0.0488	1.0005	0.8545	1.7090	0.3052	-2.2961	3.6804	90.2417	38.3007 
0x50	16:14:10.972	-0.0547	-0.0410	1.0190	0.0000	1.1597	0.0000	-2.2961	3.7244	90.2362	38.3065 
0x50	16:14:11.021	-0.0830	-0.0527	0.9912	0.7935	1.4648	1.0986	-2.2467	3.7463	90.3021	38.3036 
0x50	16:14:11.072	-0.0503	-0.0454	0.9912	1.0986	-1.2817	-0.9766	-2.2028	3.6639	90.2582	38.3065 
0x50	16:14:11.120	-0.0566	-0.0454	1.0273	-0.4883	3.1128	-2.8687	-2.2577	3.7738	90.1813	38.3007 
0x50	16:14:11.168	-0.0601	-0.0430	1.0117	0.4883	-2.1362	-1.0376	-2.2412	3.6584	90.1318	38.3065 
0x50	16:14:11.217	-0.0811	-0.0493	1.0220	2.3804	-2.1362	2.0142	-2.1588	3.5870	90.2417	38.3007 
0x50	16:14:11.266	-0.0591	-0.0469	0.9971	1.7090	0.6714	-1.7090	-2.0929	3.6090	90.1538	38.3036 
0x50	16:14:11.314	-0.0630	-0.0381	1.0259	2.0752	-1.4648	1.7700	-2.0105	3.6090	90.2417	38.2889 
0x50	16:14:11.364	-0.0645	-0.0400	0.9912	1.8311	-0.5493	1.6479	-1.9226	3.5870	90.3296	38.3124 
0x50	16:14:11.412	-0.0591	-0.0352	1.0093	0.1831	-0.9766	0.4883	-1.9061	3.5431	90.3735	38.2948 
0x50	16:14:11.462	-0.0571	-0.0386	1.0010	0.3662	0.0000	-0.5493	-1.8951	3.5321	90.3461	38.3007 
0x50	16:14:11.511	-0.0576	-0.0332	1.0176	0.0000	-0.3662	-0.7324	-1.9116	3.5156	90.3241	38.2889 
0x50	16:14:11.559	-0.0591	-0.0444	1.0029	0.3052	-2.3193	1.5869	-1.9061	3.4003	90.4065	38.2889 
0x50	16:14:11.609	-0.0381	-0.0342	1.0103	1.0986	0.3662	-1.6479	-1.8732	3.4277	90.3461	38.2889 
0x50	16:14:11.656	-0.0527	-0.0317	1.0195	1.5259	-3.2959	0.9766	-1.7908	3.2574	90.4010	38.2889 
0x50	16:14:11.705	-0.0542	-0.0396	1.0039	1.1597	-0.4272	-2.5635	-1.7413	3.1641	90.3516	38.2918 
0x50	16:14:11.754	-0.0405	-0.0386	0.9932	-0.1831	-1.2207	0.6104	-1.7578	3.0872	90.3845	38.2859 
0x50	16:14:11.852	-0.0703	-0.0317	1.0288	1.8921	-0.6104	-1.4648	-1.7139	3.0652	90.3131	38.2859 
0x50	16:14:11.900	-0.0698	-0.0420	0.9775	0.9766	-1.3428	2.7466	-1.6699	3.0267	90.4559	38.2918 
0x50	16:14:11.949	-0.0522	-0.0327	1.0073	-0.1831	0.3662	-1.0376	-1.6974	2.9993	90.4779	38.2801 
0x50	16:14:11.999	-0.0493	-0.0332	1.0137	0.0000	-1.6479	-0.6104	-1.7029	2.9114	90.4504	38.2889 
0x50	16:14:12.047	-0.0776	-0.0430	0.9917	0.2441	2.1362	-0.2441	-1.7029	2.9169	90.4669	38.2830 
0x50	16:14:12.097	-0.0415	-0.0327	1.0063	-1.0986	-1.4038	0.3052	-1.7633	2.8400	90.4834	38.2889 
0x50	16:14:12.145	-0.0796	-0.0430	0.9985	1.1597	-0.4883	-0.3052	-1.7303	2.7905	90.5109	38.2977 
0x50	16:14:12.194	-0.0186	-0.0342	1.0107	0.0000	-0.5493	0.7324	-1.7303	2.7301	90.5493	38.2801 
0x50	16:14:12.243	-0.0674	-0.0347	0.9976	-0.6714	-0.6714	-9.0942	-1.7688	2.6257	90.3186	38.2859 
0x50	16:14:12.276	-0.0254	-0.0439	1.0220	0.5493	2.6245	3.6011	-1.7468	2.7356	90.4944	38.2859 
0x50	16:14:12.325	-0.0747	-0.0234	0.9814	-0.5493	1.4038	-6.4697	-1.8018	2.7905	90.2307	38.2771 
0x50	16:14:12.374	-0.0371	-0.0435	1.0352	-1.2817	8.3008	0.6104	-1.8732	3.1860	90.2472	38.2830 
0x50	16:14:12.422	-0.0503	-0.0522	1.0190	3.3569	-6.4087	6.4087	-1.6644	3.2465	90.6097	38.2771 
0x50	16:14:12.471	-0.0576	-0.0420	1.0039	-0.6104	-7.4463	6.7749	-1.6919	2.8894	90.9558	38.2771 
0x50	16:14:12.521	-0.0156	-0.0308	1.0117	-2.2583	-3.1738	17.3950	-1.7194	2.9114	91.5765	38.2771 
0x50	16:14:12.569	-0.0698	-0.0269	1.0239	-1.6479	-2.4414	26.4282	-1.7303	2.8510	92.9004	38.2742 
0x50	16:14:12.619	-0.0234	-0.0308	0.9971	0.0000	-28.8696	11.9019	-1.7194	1.4832	93.5541	38.2771 
0x50	16:14:12.668	-0.0142	-0.0278	1.0000	4.6997	-12.6343	13.4888	-1.4722	0.8679	94.2517	38.2771 
0x50	16:14:12.716	0.0029	-0.0518	0.9966	1.8311	-23.9868	4.6387	-1.3403	-0.3790	94.6307	38.2771 
0x50	16:14:12.766	0.0327	-0.0200	1.0020	-1.7700	-23.6816	3.7842	-1.4227	-1.5051	94.7296	38.2742 
0x50	16:14:12.813	0.0493	-0.0439	0.9932	-0.9766	-11.4136	12.3901	-1.3843	-2.1039	95.4822	38.2683 
0x50	16:14:12.863	0.0513	-0.0156	1.0288	3.9063	-27.3438	21.9116	-1.3403	-3.1531	96.5369	38.2683 
0x50	16:14:12.913	0.0825	-0.0527	0.9785	8.9111	-17.9443	13.4888	-0.9998	-4.0320	97.6025	38.2771 
0x50	16:14:12.960	0.0811	-0.0454	0.9702	2.9907	-11.8408	2.8687	-0.8185	-4.6802	97.8827	38.2683 
0x50	16:14:13.009	0.0918	-0.0308	0.9902	-1.8311	0.9766	-3.7231	-0.9613	-4.5703	97.8113	38.2771 
0x50	16:14:13.058	0.0879	-0.0381	0.9951	-7.3853	3.6621	-13.4888	-1.2195	-4.4659	97.2675	38.2742 
0x50	16:14:13.107	0.0928	-0.0361	0.9956	2.7466	-12.3291	1.7090	-1.1481	-4.9988	97.1960	38.2654 
0x50	16:14:13.155	0.1064	-0.0454	0.9790	-3.8452	-1.8311	-15.1978	-1.2360	-5.2130	96.6742	38.2624 
0x50	16:14:13.205	0.0942	-0.0117	0.9834	4.4556	-3.7231	-15.9912	-1.0986	-5.5756	95.7074	38.2771 
0x50	16:14:13.253	0.1074	-0.0225	1.0000	1.2207	4.2725	-15.8691	-0.9174	-5.4053	94.9988	38.2624 
0x50	16:14:13.303	0.0981	-0.0356	0.9839	3.2349	-0.1831	-20.8130	-0.6921	-5.3119	94.1638	38.2654 
0x50	16:14:13.351	0.0957	-0.0278	0.9819	-3.9673	1.1597	-38.4521	-0.6482	-5.3229	92.2797	38.2712 
0x50	16:14:13.449	0.1201	-0.0181	1.0063	5.5542	-2.9297	-31.2500	-0.4065	-5.3723	90.9833	38.2565 
0x50	16:14:13.497	0.0913	-0.0083	0.9888	2.7466	-7.3853	-35.3394	-0.0330	-5.6689	89.1156	38.2624 
0x50	16:14:13.546	0.0942	0.0166	0.9858	0.9155	-3.2349	-9.9487	0.0769	-5.8282	88.6157	38.2771 
0x50	16:14:13.595	0.1069	-0.0161	0.9863	-1.4038	-5.9204	-4.1504	0.0824	-5.9930	88.5168	38.2654 
0x50	16:14:13.644	0.1118	0.0151	0.9790	1.3428	-11.9629	-0.6104	0.1703	-6.5918	88.4839	38.2654 
0x50	16:14:13.693	0.1172	-0.0024	0.9849	-2.8076	-11.1084	-19.1040	0.4449	-7.2839	87.3688	38.2683 
0x50	16:14:13.742	0.1260	0.0229	0.9844	-5.6152	-8.4839	-7.8125	0.2362	-7.7014	86.9733	38.2654 
0x50	16:14:13.791	0.1338	0.0112	0.9771	8.0566	-10.5591	-6.8359	0.8020	-8.2782	86.5173	38.2683 
0x50	16:14:13.839	0.1514	0.0273	0.9707	-2.2583	-10.4980	5.8594	0.6647	-8.8110	86.8085	38.2683 
0x50	16:14:13.873	0.1558	0.0195	0.9634	-1.5869	-11.5356	3.4180	0.6317	-9.4373	86.8634	38.2654 
0x50	16:14:13.923	0.1714	0.0239	0.9771	5.4932	-16.2964	5.8594	0.8734	-10.2557	87.1490	38.2683 
0x50	16:14:13.971	0.1821	0.0239	0.9541	-2.6245	-16.4795	3.4790	0.8844	-11.0687	87.3138	38.2654 
0x50	16:14:14.019	0.1924	0.0337	0.9570	1.4648	-19.8364	3.5400	0.9448	-12.0520	87.4786	38.2742 
0x50	16:14:14.069	0.2100	0.0254	0.9556	3.8452	-11.2915	6.4697	1.0107	-12.6617	87.6654	38.2654 
0x50	16:14:14.118	0.2192	0.0024	0.9541	1.5259	-13.7329	2.2583	1.0437	-13.3484	87.7698	38.2742 
0x50	16:14:14.166	0.2417	0.0254	0.9448	3.2959	-14.5874	8.2397	1.0712	-14.2657	88.0554	38.2712 
0x50	16:14:14.216	0.2495	0.0239	0.9453	9.0332	-13.1226	7.7515	1.4282	-14.9304	88.4454	38.2683 
0x50	16:14:14.264	0.2666	0.0176	0.9355	-2.9297	-9.7656	3.6011	1.3019	-15.4852	88.6707	38.2654 
0x50	16:14:14.313	0.2725	0.0293	0.9448	-3.9063	-17.3950	9.5825	0.9943	-16.3641	89.1486	38.2712 
0x50	16:14:14.361	0.2988	0.0254	0.9258	2.9297	-24.7803	1.4038	1.0107	-17.5671	89.2035	38.2654 
0x50	16:14:14.410	0.3096	0.0127	0.9150	4.7607	-27.1606	2.5024	1.2085	-18.9294	89.3134	38.2595 
0x50	16:14:14.460	0.3330	0.0264	0.9038	-1.0986	-15.5640	17.8223	0.9393	-19.8743	89.9066	38.2771 
0x50	16:14:14.508	0.3423	0.0068	0.9150	2.6245	-14.5264	4.9438	0.9778	-20.6049	90.1593	38.2683 
0x50	16:14:14.557	0.3638	0.0225	0.9023	10.1318	-19.7754	-5.0659	1.4392	-21.6101	89.9615	38.2712 
0x50	16:14:14.606	0.3906	0.0156	0.8926	-2.7466	-24.7192	6.1035	1.1865	-22.8735	90.2582	38.2654 
0x50	16:14:14.655	0.4146	0.0244	0.8955	5.1880	-15.0146	13.6108	1.0327	-23.7415	90.9283	38.2712 
0x50	16:14:14.706	0.4116	0.0005	0.8589	4.5166	-33.5693	28.0151	0.6317	-25.4553	92.4335	38.2654 
0x50	16:14:14.752	0.4131	-0.0015	0.8345	4.2725	-15.6250	5.3711	0.6702	-26.5210	92.8839	38.2654 
0x50	16:14:14.802	0.4258	-0.0122	0.8213	-0.8545	4.2114	3.2959	0.5164	-26.3342	93.0707	38.2712 
0x50	16:14:14.850	0.4536	-0.0078	0.8672	1.5869	-10.2539	3.1128	0.4779	-26.9495	93.2904	38.2654 
0x50	16:14:14.899	0.4556	-0.0068	0.8442	-5.0659	-11.1084	-7.4463	0.4010	-27.5208	92.8674	38.2624 
0x50	16:14:14.948	0.4663	0.0063	0.8311	-7.0801	-12.2070	-6.5918	0.1099	-28.2129	92.5214	38.2654 
0x50	16:14:15.046	0.4644	0.0132	0.8198	-2.0752	-13.3667	-1.0986	0.0549	-28.8995	92.4554	38.2654 
0x50	16:14:15.095	0.4819	0.0024	0.8330	2.1973	-10.0098	1.2817	0.0989	-29.2731	92.5653	38.2771 
0x50	16:14:15.143	0.4937	-0.0088	0.8130	0.9766	-15.3809	-1.8311	0.1868	-30.0696	92.4609	38.2712 
0x50	16:14:15.192	0.4844	0.0083	0.8086	3.0518	-12.6953	5.5542	0.1758	-30.6628	92.6477	38.2654 
0x50	16:14:15.241	0.4990	0.0005	0.8096	-1.0986	-6.7749	1.7700	0.0714	-31.0144	92.7466	38.2712 
0x50	16:14:15.292	0.5088	-0.0166	0.7930	2.4414	-4.8828	3.1738	0.1044	-31.5198	92.9333	38.2654 
0x50	16:14:15.338	0.5103	0.0049	0.8076	0.7935	8.4229	-0.4883	0.1593	-31.1243	92.9059	38.2742 
0x50	16:14:15.390	0.5186	-0.0039	0.7876	-2.9297	-16.8457	-4.0283	0.2472	-32.0746	92.5763	38.2712 
0x50	16:14:15.436	0.5171	0.0171	0.7944	-2.6245	-11.6577	0.1831	0.1318	-32.6678	92.5873	38.2830 
0x50	16:14:15.470	0.5342	-0.0039	0.7676	0.9155	-29.5410	-1.4648	0.3186	-34.0082	92.4884	38.2683 
0x50	16:14:15.518	0.5537	0.0083	0.7568	-1.5259	-33.8745	1.0376	0.2252	-35.7220	92.5378	38.2683 
0x50	16:14:15.568	0.5767	0.0161	0.7388	3.2959	-22.2778	6.1646	0.1648	-36.7383	92.8894	38.2624 
0x50	16:14:15.617	0.5903	-0.0059	0.7319	4.2114	-33.9966	7.5073	0.0275	-38.3972	93.4058	38.2742 
0x50	16:14:15.666	0.6113	0.0098	0.7095	-2.9297	-30.3955	5.8594	-0.1813	-39.7211	93.6475	38.2654 
0x50	16:14:15.714	0.6055	0.0098	0.6816	7.3853	-34.6069	11.5967	-0.3461	-41.5338	94.3121	38.2859 
0x50	16:14:15.763	0.6294	-0.0127	0.6494	9.5825	-22.3999	6.2866	-0.1483	-42.6654	94.7900	38.2742 
0x50	16:14:15.812	0.6626	-0.0054	0.6650	0.4883	-31.6772	7.8125	-0.3900	-44.1431	95.3174	38.2712 
0x50	16:14:15.860	0.6650	-0.0171	0.6304	-5.3101	-18.7378	6.7749	-0.9613	-45.1703	95.8008	38.2742 
0x50	16:14:15.910	0.6875	-0.0249	0.6255	-10.4980	-21.0571	5.8594	-1.8512	-46.2524	96.3776	38.2742 
0x50	16:14:15.960	0.6948	-0.0254	0.6157	-2.0752	-12.2070	-1.2207	-1.8347	-47.0050	96.2183	38.2771 
0x50	16:14:16.009	0.7139	-0.0200	0.6240	-6.5918	-3.2959	3.1738	-2.2961	-47.2083	96.4215	38.2771 
0x50	16:14:16.056	0.7134	-0.0225	0.5947	3.1128	-23.2544	6.4087	-2.4939	-48.3508	96.9049	38.2771 
0x50	16:14:16.106	0.7437	-0.0386	0.6011	4.9438	-9.0942	5.3101	-2.5214	-49.0430	97.3608	38.2771 
0x50	16:14:16.155	0.7339	-0.0415	0.5879	9.2773	-9.7656	15.1367	-2.9718	-49.5483	98.4100	38.2801 
0x50	16:14:16.203	0.7720	-0.0576	0.6177	4.8828	16.4795	10.6812	-3.4058	-49.1418	99.2560	38.2771 
0x50	16:14:16.253	0.6763	-0.0308	0.5454	-2.4414	-20.0195	-15.5640	-2.9663	-49.8505	98.5693	38.2771 
0x50	16:14:16.301	0.7314	-0.0151	0.5703	-1.4648	-56.5796	-28.0762	-1.9116	-52.2235	97.0038	38.2801 
0x50	16:14:16.349	0.8657	0.0684	0.6128	-2.1362	-76.2939	-61.5234	0.9613	-55.4535	93.2355	38.2742 
0x50	16:14:16.399	0.7017	0.0322	0.4546	-1.3428	-28.6255	-4.2114	1.3733	-57.3926	92.6587	38.2771 
0x50	16:14:16.447	0.8486	-0.0361	0.4175	-16.9067	-31.3110	16.7236	-0.8569	-59.0735	94.1858	38.2830 
0x50	16:14:16.497	0.7188	0.0122	0.4307	-2.3193	-30.0903	2.2583	-1.5930	-60.7654	94.7351	38.2801 
0x50	16:14:16.545	0.8125	0.0146	0.4526	4.5166	10.8032	-0.3662	-1.2469	-60.2325	94.6692	38.2830 
0x50	16:14:16.642	0.8652	-0.0127	0.4336	-5.6763	-59.6313	6.4087	-2.0599	-62.3859	95.2734	38.2771 
0x50	16:14:16.691	0.7036	-0.0024	0.3208	-4.6387	-28.3813	4.5776	-2.8015	-63.8361	95.8942	38.2830 
0x50	16:14:16.740	0.8892	-0.0181	0.3750	-4.3945	-11.5967	0.0000	-3.1201	-64.2700	96.0425	38.2830 
0x50	16:14:16.789	0.8027	-0.0156	0.3750	-3.6011	-24.6582	5.6763	-4.0210	-65.4840	96.8719	38.2712 
0x50	16:14:16.838	0.9668	-0.0430	0.3394	-4.2725	-54.3823	1.5259	-4.5758	-67.7087	97.3059	38.2830 
0x50	16:14:16.887	0.8086	-0.0186	0.2622	-11.5967	-59.3872	1.2817	-5.9326	-70.7025	98.1738	38.2830 
0x50	16:14:16.936	0.8921	-0.0552	0.2056	-5.9814	-49.2554	0.0000	-6.9873	-73.0920	98.9484	38.2830 
0x50	16:14:16.984	0.8540	-0.0215	0.1929	-15.3198	-57.3730	3.1738	-9.5636	-75.9540	100.8765	38.2801 
0x50	16:14:17.034	0.9600	-0.0386	0.1748	-0.6714	-43.3350	-0.7935	-10.6128	-77.8821	101.9421	38.2889 
0x50	16:14:17.067	0.8403	-0.0234	0.1089	-9.4604	-42.4805	2.9297	-13.8208	-79.9969	104.7546	38.2889 
0x50	16:14:17.116	0.9341	-0.0337	0.1133	0.4883	-17.7612	-1.8311	-14.7711	-80.9143	105.6940	38.2771 
0x50	16:14:17.164	0.8643	-0.0483	0.0366	-9.9487	-35.8276	5.7983	-21.0992	-82.6337	110.9015	38.2977 
0x50	16:14:17.215	0.9194	-0.0273	0.0752	5.1880	-4.5776	0.4883	-22.5165	-82.9633	112.5879	38.2948 
0x50	16:14:17.262	0.9868	-0.0718	0.0078	-4.5166	-47.8516	2.9907	-34.0302	-85.0946	122.8656	38.2859 
0x50	16:14:17.311	0.8569	-0.0234	0.0176	1.8311	-9.4604	-1.0376	-39.0234	-85.7977	127.0953	38.2889 
0x50	16:14:17.360	0.9380	-0.0513	-0.0078	1.0376	-7.9956	0.4883	-43.9508	-86.1163	130.9515	38.2859 
0x50	16:14:17.409	0.9097	-0.0518	-0.0381	0.4272	-11.1694	-2.8687	-50.7678	-86.6602	136.3019	38.2889 
0x50	16:14:17.458	0.8984	-0.0347	-0.0176	-2.5635	-10.6201	-3.4180	-57.7826	-87.1381	141.9598	38.2918 
0x50	16:14:17.507	0.8569	-0.0239	-0.0396	14.1602	-9.9487	14.8315	-78.2062	-86.8964	161.1859	38.2918 
0x50	16:14:17.557	0.9229	-0.1011	-0.0566	0.4883	-11.7188	2.3193	-89.7748	-86.7920	172.1393	38.2889 
0x50	16:14:17.605	0.8569	-0.0322	-0.0459	-4.6387	-11.8408	12.3291	-100.8490	-86.2592	-178.1158	38.2859 
0x50	16:14:17.653	0.9067	-0.0605	-0.0815	-4.2725	-36.4380	31.1279	-119.6356	-84.2322	-160.0433	38.2889 
0x50	16:14:17.702	0.8560	-0.0933	-0.1211	13.6719	-21.7896	0.8545	-127.1503	-83.2709	-152.4847	38.2889 
0x50	16:14:17.751	0.9321	-0.0996	-0.1245	12.8174	-18.5547	9.2163	-130.4077	-82.2931	-148.7933	38.2977 
0x50	16:14:17.800	0.8516	-0.1099	-0.1494	-3.1128	-18.0054	0.0000	-134.3298	-81.1121	-145.2173	38.2889 
0x50	16:14:17.849	0.8931	-0.1050	-0.1616	4.8828	-11.0474	4.6387	-135.7635	-80.4968	-143.7561	38.3065 
0x50	16:14:17.897	0.8613	-0.1279	-0.1665	8.9111	-4.4556	-0.2441	-135.0000	-79.9036	-144.2944	38.3065 
0x50	16:14:17.946	0.8823	-0.1177	-0.1729	8.3618	-8.3008	-17.3340	-139.8834	-80.1343	-139.0540	38.2948 
0x50	16:14:17.996	0.8643	-0.0942	-0.1602	13.3667	12.1460	-16.3574	-140.7843	-80.7220	-137.6257	38.2830 
0x50	16:14:18.044	0.9136	-0.0903	-0.1704	2.7466	9.7656	8.9722	-136.9006	-80.7495	-141.7072	38.2948 
0x50	16:14:18.095	0.8706	-0.1182	-0.1470	14.3433	10.0708	-5.1270	-133.1049	-80.9253	-145.2338	38.3007 
0x50	16:14:18.142	0.8867	-0.1138	-0.1392	22.3389	12.6343	2.7466	-128.6664	-81.1945	-148.8208	38.3007 
0x50	16:14:18.239	0.8975	-0.1426	-0.1514	14.2212	4.2725	20.3247	-123.5907	-80.7330	-153.5889	38.2977 
0x50	16:14:18.288	0.8945	-0.1616	-0.1392	5.1880	4.4556	6.8359	-121.2396	-80.4913	-155.8905	38.3036 
0x50	16:14:18.338	0.8940	-0.1689	-0.1279	8.7280	-2.0142	-1.4648	-120.4761	-80.3595	-155.8466	38.3124 
0x50	16:14:18.386	0.8906	-0.1406	-0.1250	-9.4604	-8.7891	10.3760	-121.7999	-79.6564	-155.1929	38.3007 
0x50	16:14:18.435	0.8960	-0.1426	-0.1548	0.6104	-10.8032	-3.0518	-124.5190	-79.4916	-152.6990	38.2948 
0x50	16:14:18.484	0.8784	-0.1563	-0.1499	-3.6621	-8.6670	-5.5542	-127.6062	-79.4037	-149.8810	38.2977 
0x50	16:14:18.532	0.9087	-0.1460	-0.1729	-6.7749	-8.1177	12.7563	-127.6227	-78.3875	-150.5951	38.2889 
0x50	16:14:18.582	0.8706	-0.1387	-0.1509	-0.5493	-5.0659	-13.1836	-130.7813	-78.7115	-147.5519	38.3007 
0x50	16:14:18.630	0.8857	-0.1470	-0.1660	-7.8125	-3.4180	3.2959	-131.7041	-78.5083	-147.0410	38.3095 
0x50	16:14:18.664	0.8628	-0.1460	-0.1675	-3.1738	-9.6436	-7.3853	-134.9286	-78.3984	-144.0143	38.3036 
0x50	16:14:18.713	0.8838	-0.1538	-0.2173	-16.2354	-30.7007	6.3477	-139.8669	-77.2119	-139.7131	38.3007 
0x50	16:14:18.763	0.8745	-0.1411	-0.2163	-0.3052	-1.6479	-2.0752	-141.3556	-76.8329	-138.5321	38.3212 
0x50	16:14:18.810	0.8594	-0.1387	-0.2056	-6.7139	-14.6484	-18.4937	-146.2610	-76.8549	-133.7531	38.3124 
0x50	16:14:18.859	0.8848	-0.1357	-0.2256	-8.6060	-13.0615	2.1973	-148.7109	-76.3110	-131.7316	38.3124 
0x50	16:14:18.908	0.8599	-0.1099	-0.2397	-5.9814	-16.1743	-6.2256	-151.6553	-75.6738	-129.1223	38.3036 
0x50	16:14:18.957	0.8613	-0.1133	-0.2471	1.1597	-9.0942	-17.5171	-154.8907	-75.4706	-125.8154	38.3036 
0x50	16:14:19.009	0.8252	-0.1079	-0.2563	-2.0752	-32.1045	-11.4136	-158.4723	-74.2676	-122.1185	38.3036 
0x50	16:14:19.055	0.8677	-0.0884	-0.2930	-7.2021	-25.2075	-10.4370	-162.9822	-73.2404	-117.8064	38.3124 
0x50	16:14:19.105	0.8335	-0.0645	-0.2920	-14.0991	-15.3198	-25.1465	-167.9095	-72.7295	-113.2196	38.3154 
0x50	16:14:19.152	0.8525	-0.0835	-0.3315	-22.1558	-28.5645	-2.0142	-170.7275	-71.5045	-111.1432	38.3183 
0x50	16:14:19.201	0.8105	-0.0537	-0.3203	-4.6387	-18.7378	22.0947	-168.4369	-70.3894	-114.1534	38.3065 
0x50	16:14:19.251	0.8506	-0.0635	-0.3589	10.5591	-18.3105	4.2114	-167.8986	-69.3896	-114.4171	38.3271 
0x50	16:14:19.299	0.8359	-0.0698	-0.3843	14.4043	-5.6152	8.3008	-166.7889	-68.8348	-114.9829	38.3124 
0x50	16:14:19.348	0.7969	-0.1162	-0.3657	10.7422	-10.7422	6.8970	-165.2289	-68.1702	-115.9003	38.3212 
0x50	16:14:19.410	0.8213	-0.1255	-0.3862	7.2021	-4.5776	-3.2959	-165.3442	-67.9010	-115.3125	38.3183 
0x50	16:14:19.446	0.8188	-0.1089	-0.3818	-9.2773	-12.3291	11.9019	-164.8828	-67.2693	-116.1639	38.3183 
0x50	16:14:19.495	0.8125	-0.0898	-0.3975	-2.0142	-10.0098	-2.8076	-165.6519	-66.7474	-115.4828	38.3212 
0x50	16:14:19.544	0.8091	-0.0830	-0.4004	2.1362	-16.0522	2.9297	-165.8112	-65.9454	-115.1697	38.3095 
0x50	16:14:19.593	0.8076	-0.1021	-0.4219	4.5776	-9.8877	6.5918	-165.1630	-65.3137	-115.6476	38.3154 
0x50	16:14:19.642	0.7949	-0.1064	-0.4253	1.5869	-23.6816	-2.9297	-166.1298	-64.2151	-114.3402	38.3330 
0x50	16:14:19.691	0.7998	-0.1040	-0.4521	-6.7749	-25.4517	2.6245	-166.8329	-62.8802	-113.9447	38.3271 
0x50	16:14:19.739	0.7393	-0.1006	-0.4448	-10.6201	-23.1934	-7.9956	-168.2666	-61.7432	-112.8186	38.3418 
0x50	16:14:19.836	0.7896	-0.0913	-0.4985	-10.3149	-19.6533	-9.6436	-170.0079	-60.7983	-111.4233	38.3124 
0x50	16:14:19.886	0.7407	-0.0640	-0.4897	-7.5684	-23.0713	-1.0986	-170.8923	-59.5898	-110.8575	38.3271 
0x50	16:14:19.935	0.7861	-0.0723	-0.5503	-3.1738	-13.7329	-5.0659	-171.6779	-58.8647	-110.1599	38.3301 
0x50	16:14:19.984	0.7065	-0.0820	-0.5225	0.6104	-10.4980	1.0986	-171.8536	-58.2111	-110.0061	38.3448 
0x50	16:14:20.033	0.7524	-0.0610	-0.5361	2.1973	-8.1787	0.6104	-171.8262	-57.7277	-109.9567	38.3183 
0x50	16:14:20.082	0.7427	-0.0952	-0.5488	13.3667	-7.2021	-17.4561	-172.3590	-57.3541	-108.6768	38.3418 
0x50	16:14:20.130	0.7588	-0.0522	-0.5532	3.5400	-19.2261	9.8877	-171.6833	-56.2775	-109.3414	38.3389 
0x50	16:14:20.179	0.7588	-0.0532	-0.5752	3.9673	-17.8223	4.5166	-171.5186	-55.3546	-109.4128	38.3359 
0x50	16:14:20.229	0.6611	-0.0625	-0.5513	22.1558	-16.7847	19.2871	-169.3103	-54.2834	-110.8466	38.3271 
0x50	16:14:20.262	0.7158	-0.1494	-0.6055	2.8687	-22.4609	15.1367	-168.0414	-53.0640	-111.8848	38.3507 
0x50	16:14:20.310	0.6812	-0.1274	-0.5952	1.3428	-10.9863	8.3008	-167.5964	-52.3553	-112.3682	38.3477 
0x50	16:14:20.359	0.6655	-0.1021	-0.6152	-2.9907	-12.3291	-5.3711	-168.0634	-51.6028	-112.0551	38.3507 
0x50	16:14:20.408	0.6885	-0.1440	-0.6255	3.5400	-5.6763	-6.2256	-168.3160	-51.3007	-111.4728	38.3507 
0x50	16:14:20.457	0.6675	-0.0996	-0.6240	0.8545	2.8076	-6.5918	-168.6237	-51.2787	-111.1981	38.3565 
0x50	16:14:20.506	0.6958	-0.1313	-0.6255	-4.0894	-1.0986	2.9907	-168.6511	-51.1194	-111.4124	38.3536 
0x50	16:14:20.555	0.6934	-0.1216	-0.6289	-2.2583	-3.7231	-6.1646	-169.0796	-50.9271	-111.0828	38.3654 
0x50	16:14:20.604	0.6650	-0.1089	-0.6152	-0.2441	-27.8931	9.1553	-168.8873	-49.4110	-111.3739	38.3507 
0x50	16:14:20.653	0.6348	-0.1299	-0.6221	-4.6387	-20.6909	-1.9531	-169.4806	-48.5211	-110.7916	38.3536 
0x50	16:14:20.701	0.6006	-0.0928	-0.6265	3.8452	-12.2070	-8.6060	-169.9255	-47.9059	-109.9896	38.3654 
0x50	16:14:20.751	0.6177	-0.0977	-0.6646	3.6011	-5.2490	-2.0142	-169.8651	-47.6532	-109.9127	38.3565 
0x50	16:14:20.802	0.6357	-0.1064	-0.6406	0.7324	-4.8218	-6.5308	-170.2386	-47.4115	-109.3744	38.3595 
0x50	16:14:20.848	0.6118	-0.0972	-0.6445	-3.1128	-1.9531	-18.1274	-171.3208	-47.2852	-108.1659	38.3624 
0x50	16:14:20.897	0.6567	-0.0786	-0.6660	-11.4746	-14.5874	-1.1597	-172.1008	-46.5271	-107.9242	38.3742 
0x50	16:14:20.945	0.6299	-0.1045	-0.6621	-2.5024	-3.2959	-3.6011	-172.4579	-46.3293	-107.5891	38.3624 
0x50	16:14:20.994	0.6504	-0.0928	-0.7026	-9.0942	-11.6577	1.1597	-172.9248	-45.6757	-107.5671	38.3654 
0x50	16:14:21.044	0.5884	-0.0635	-0.6802	-11.7188	-19.2261	10.3760	-173.1390	-44.6100	-108.1494	38.3683 
0x50	16:14:21.093	0.6274	-0.0581	-0.7095	4.8828	2.5635	-4.3945	-173.1390	-44.6979	-107.8638	38.3830 
0x50	16:14:21.142	0.6021	-0.1021	-0.7056	7.6294	-9.3994	10.3760	-172.2217	-44.2145	-108.5449	38.3801 
0x50	16:14:21.190	0.6230	-0.0981	-0.6963	-0.7935	-4.2114	-3.4790	-172.4469	-43.9783	-108.2648	38.3771 
0x50	16:14:21.238	0.5918	-0.0972	-0.7051	2.9297	-6.0425	-2.0752	-172.4689	-43.5498	-108.1110	38.3918 
0x50	16:14:21.289	0.6118	-0.0776	-0.7026	-0.5493	1.0986	-6.4697	-172.8149	-43.5938	-107.6825	38.3801 
0x50	16:14:21.336	0.5806	-0.0962	-0.7026	1.1597	1.7090	-4.3335	-172.8809	-43.4729	-107.5122	38.3801 
0x50	16:14:21.434	0.5908	-0.0742	-0.7095	1.7700	-2.3193	-2.9907	-172.9688	-43.3026	-107.2925	38.3860 
0x50	16:14:21.482	0.6348	-0.0903	-0.7236	-6.0425	-3.7231	-7.3853	-173.5510	-43.2147	-106.6772	38.3742 
0x50	16:14:21.532	0.5806	-0.0586	-0.7114	-3.1738	-10.0098	4.0283	-173.6115	-42.6215	-106.8750	38.3918 
0x50	16:14:21.582	0.5815	-0.0649	-0.7197	1.5259	-0.9155	-3.1738	-173.6664	-42.4127	-106.7432	38.3918 
0x50	16:14:21.629	0.5669	-0.0679	-0.6982	6.0425	2.6245	4.3335	-173.3203	-42.4017	-106.9299	38.3889 
0x50	16:14:21.678	0.5879	-0.0864	-0.7261	1.3428	-0.2441	2.4414	-173.0731	-42.2369	-107.1387	38.3948 
0x50	16:14:21.727	0.5962	-0.0991	-0.7246	-4.6387	4.5776	-4.6997	-173.3093	-42.4017	-106.9519	38.3977 
0x50	16:14:21.776	0.5947	-0.0649	-0.7173	5.1270	1.7090	1.2207	-173.1500	-42.2809	-107.1497	38.3860 
0x50	16:14:21.825	0.5679	-0.0947	-0.7070	7.6294	1.0986	3.1738	-172.6007	-42.2809	-107.3804	38.4036 
0x50	16:14:21.858	0.6099	-0.0879	-0.7227	0.0000	0.8545	0.0000	-172.5348	-42.2864	-107.3749	38.3918 
0x50	16:14:21.907	0.5674	-0.1050	-0.7046	1.5869	7.0801	-6.2256	-172.6282	-42.4677	-107.1277	38.4007 
0x50	16:14:21.956	0.5981	-0.0737	-0.7246	-2.0142	-4.6387	4.4556	-172.7216	-42.1985	-107.2760	38.3977 
0x50	16:14:22.006	0.5791	-0.0991	-0.7075	1.0376	3.3569	-5.6152	-172.7271	-42.2040	-107.2101	38.4095 
0x50	16:14:22.054	0.5913	-0.0771	-0.7202	-1.0376	-6.1035	2.9297	-172.8754	-41.8854	-107.1387	38.4065 
0x50	16:14:22.104	0.5806	-0.0874	-0.7188	1.7090	-0.3052	5.2490	-172.5952	-41.6602	-107.5177	38.4095 
0x50	16:14:22.151	0.5845	-0.0962	-0.7041	0.4883	3.7231	-5.9814	-172.8369	-41.8964	-107.0178	38.4095 
0x50	16:14:22.200	0.5908	-0.0820	-0.7188	-0.7324	-2.0142	1.9531	-172.8479	-41.7645	-107.1442	38.4065 
0x50	16:14:22.249	0.5835	-0.1006	-0.7109	-3.3569	1.2207	-0.6104	-172.9028	-41.8414	-107.1442	38.4212 
0x50	16:14:22.298	0.5962	-0.0747	-0.7236	-10.1929	-7.0801	-1.5259	-173.4851	-41.4954	-106.9684	38.4154 
0x50	16:14:22.347	0.5757	-0.0752	-0.7134	-2.6855	4.7607	-4.0894	-173.8477	-41.6711	-106.6827	38.4212 
0x50	16:14:22.396	0.5884	-0.0659	-0.7129	-5.1270	-3.0518	-0.5493	-174.1443	-41.5833	-106.6003	38.4095 
0x50	16:14:22.444	0.5801	-0.0630	-0.7178	-5.1270	2.9907	-1.8311	-174.4794	-41.6821	-106.5015	38.4212 
0x50	16:14:22.493	0.5737	-0.0635	-0.7090	-0.2441	-4.6997	-6.3477	-174.7430	-41.5173	-106.1719	38.4065 
0x50	16:14:22.543	0.6167	-0.0703	-0.7354	0.0000	0.9766	6.8359	-174.4409	-41.5009	-106.6333	38.4183 
0x50	16:14:22.592	0.5640	-0.0630	-0.7266	4.0283	-6.5918	0.3662	-174.2981	-41.1438	-106.7047	38.4301 
0x50	16:14:22.640	0.6172	-0.0796	-0.7412	5.3711	-6.1035	-4.3335	-174.2377	-40.8362	-106.3806	38.4271 
0x50	16:14:22.689	0.5640	-0.0791	-0.7192	3.2959	-2.1973	4.2725	-173.9740	-40.5835	-106.5619	38.4418 
0x50	16:14:22.738	0.5874	-0.0674	-0.7324	-4.0283	-2.5635	0.6714	-174.1663	-40.4187	-106.5894	38.4271 
0x50	16:14:22.787	0.5605	-0.0747	-0.7144	-4.3335	4.3335	3.6621	-174.1937	-40.5396	-106.7596	38.4154 
0x50	16:14:22.835	0.5718	-0.0522	-0.7285	-3.2959	2.1362	5.8594	-174.1333	-40.5670	-107.1606	38.4330 
0x50	16:14:22.886	0.5942	-0.0610	-0.7300	-4.4556	0.0000	-2.5024	-174.3970	-40.5890	-106.9958	38.4242 
0x50	16:14:22.933	0.5728	-0.0625	-0.7158	-1.7090	-0.7324	0.9766	-174.4574	-40.5066	-107.0563	38.4448 
0x50	16:14:23.030	0.5718	-0.0542	-0.7266	0.0000	-0.5493	-2.0142	-174.6057	-40.4187	-106.9135	38.4448 
0x50	16:14:23.080	0.5659	-0.0576	-0.7285	5.0049	4.9438	2.6245	-174.2432	-40.5945	-107.1167	38.4389 
0x50	16:14:23.128	0.5801	-0.0913	-0.7261	2.8076	10.4980	-0.6104	-173.8971	-41.0010	-107.2595	38.4448 
0x50	16:14:23.177	0.5894	-0.0552	-0.7285	2.5024	10.7422	-1.4038	-173.8202	-41.4899	-107.2430	38.4389 
0x50	16:14:23.226	0.5947	-0.0664	-0.6968	-2.3804	3.4790	2.8076	-173.7378	-41.7096	-107.4683	38.4389 
0x50	16:14:23.275	0.6021	-0.0942	-0.7144	-1.8921	2.6245	-5.3101	-174.0234	-41.8304	-107.1332	38.4448 
0x50	16:14:23.324	0.5840	-0.0493	-0.7026	-6.2866	2.8687	1.2817	-174.3805	-41.9403	-107.1881	38.4507 
0x50	16:14:23.372	0.5835	-0.0620	-0.7017	1.5259	5.5542	0.4272	-174.2706	-42.1655	-107.2485	38.4448 
0x50	16:14:23.421	0.5996	-0.0596	-0.7080	3.6621	7.7515	2.1973	-174.0344	-42.5006	-107.3859	38.4477 
0x50	16:14:23.455	0.6353	-0.0947	-0.7119	4.2725	6.8970	2.8687	-173.6334	-42.8027	-107.6331	38.4565 
0x50	16:14:23.504	0.6177	-0.0669	-0.6899	6.6528	13.5498	-7.6904	-173.6115	-43.4344	-107.2266	38.4565 
0x50	16:14:23.554	0.6255	-0.0791	-0.6841	2.3804	-0.6714	6.6528	-173.1830	-43.3411	-107.6770	38.4448 
0x50	16:14:23.602	0.5879	-0.0674	-0.6890	-4.8828	-8.3008	0.3662	-173.5236	-42.8522	-107.6495	38.4683 
0x50	16:14:23.654	0.6040	-0.0459	-0.6880	-8.7280	10.6812	-2.1362	-174.0509	-43.3521	-107.5836	38.4624 
0x50	16:14:23.699	0.6372	-0.0845	-0.7109	7.7515	0.8545	2.7466	-173.9136	-43.3246	-107.7264	38.4654 
0x50	16:14:23.748	0.6309	-0.0791	-0.6982	3.7231	4.0894	2.0752	-173.6060	-43.4839	-107.8967	38.4536 
0x50	16:14:23.798	0.6309	-0.0737	-0.6821	1.3428	2.6245	1.2207	-173.4961	-43.6047	-107.9791	38.4624 
0x50	16:14:23.847	0.6138	-0.0649	-0.6797	-2.1362	2.6245	0.3052	-173.5950	-43.6981	-108.0176	38.4712 
0x50	16:14:23.895	0.6260	-0.0806	-0.6978	-0.1831	2.1973	5.1270	-173.5016	-43.7201	-108.2922	38.4683 
0x50	16:14:23.943	0.6118	-0.0659	-0.6748	-0.3052	3.9063	-4.4556	-173.7213	-43.9069	-108.0176	38.4683 
0x50	16:14:23.993	0.6021	-0.0674	-0.6641	-1.0376	0.6104	-1.3428	-173.7708	-43.9343	-107.9407	38.4712 
0x50	16:14:24.041	0.6230	-0.0835	-0.6841	1.6479	-0.6714	2.3193	-173.5730	-43.8519	-108.0945	38.4830 
0x50	16:14:24.090	0.6108	-0.0679	-0.6665	-1.8921	1.0986	-2.1362	-173.6938	-43.8739	-108.0725	38.4830 
0x50	16:14:24.141	0.6279	-0.0679	-0.6846	0.5493	-1.6479	3.7842	-173.5126	-43.7421	-108.3197	38.4771 
0x50	16:14:24.188	0.6167	-0.0850	-0.6753	2.5635	1.8921	-0.9155	-173.5181	-43.8464	-108.2538	38.4830 
0x50	16:14:24.237	0.6274	-0.0703	-0.6934	-0.7935	1.0376	-5.1880	-173.8092	-43.8904	-107.9022	38.4918 
0x50	16:14:24.286	0.6143	-0.0601	-0.6743	-1.7090	1.7700	-2.5635	-173.9355	-43.9398	-107.8857	38.4801 
0x50	16:14:24.334	0.6138	-0.0747	-0.6733	-2.0752	0.7324	0.0000	-174.0289	-43.9398	-107.8912	38.4889 
0x50	16:14:24.384	0.6289	-0.0825	-0.6909	-0.4883	4.2725	0.6104	-174.0948	-44.0387	-108.0011	38.4918 
0x50	16:14:24.433	0.6377	-0.0542	-0.6733	0.4883	8.0566	-0.3052	-174.0674	-44.4232	-108.0341	38.4948 
0x50	16:14:24.481	0.6343	-0.0532	-0.6709	-3.1738	10.0708	-1.5259	-174.4299	-44.8572	-107.8528	38.5036 
0x50	16:14:24.530	0.6484	-0.0679	-0.6743	2.3193	21.0571	7.5073	-174.0729	-45.7635	-108.3142	38.4977 
0x50	16:14:24.627	0.6323	-0.0732	-0.6328	-6.4087	28.6255	-2.9297	-174.1498	-46.9446	-108.4735	38.4948 
0x50	16:14:24.677	0.6704	-0.0615	-0.6318	-5.9204	44.9829	2.6855	-174.0564	-49.1309	-109.0118	38.4860 
0x50	16:14:24.726	0.6885	-0.0576	-0.5791	-4.5776	39.2456	8.7891	-173.3807	-50.9711	-110.0775	38.4977 
0x50	16:14:24.774	0.7290	-0.0635	-0.5527	2.9907	46.3257	-0.9155	-172.9413	-53.2068	-110.4456	38.5036 
0x50	16:14:24.823	0.7358	-0.0742	-0.5210	-4.8218	59.3262	7.9346	-172.1832	-55.6677	-111.4453	38.5065 
0x50	16:14:24.872	0.7759	-0.0747	-0.5039	-2.4414	35.5225	7.4463	-171.2933	-57.6617	-112.7142	38.5124 
0x50	16:14:24.921	0.7803	-0.0825	-0.4619	-2.0142	41.4429	0.9766	-170.6616	-59.6887	-113.6096	38.5036 
0x50	16:14:24.970	0.7900	-0.0737	-0.4517	-1.5259	47.5464	2.5024	-169.9146	-61.9629	-114.6094	38.5154 
0x50	16:14:25.018	0.7974	-0.0957	-0.3853	-8.3008	78.9185	12.6343	-168.2391	-65.0665	-116.6968	38.5154 
0x50	16:14:25.052	0.8403	-0.0830	-0.3247	2.5635	67.1387	0.9155	-166.4374	-68.2910	-118.7402	38.5154 
0x50	16:14:25.101	0.8804	-0.0928	-0.2773	1.0376	34.5459	4.0894	-164.2072	-70.3180	-121.1353	38.5212 
0x50	16:14:25.149	0.8472	-0.1011	-0.2671	1.2817	69.3359	11.7798	-161.2079	-72.7734	-124.1071	38.5271 
0x50	16:14:25.198	0.8940	-0.0938	-0.1973	-2.9907	70.8618	8.6060	-157.6373	-75.7178	-127.9523	38.5065 
0x50	16:14:25.248	0.8423	-0.1099	-0.1831	-3.4180	68.7866	18.0054	-148.4473	-78.4479	-137.4445	38.5271 
0x50	16:14:25.296	0.9102	-0.1196	-0.0854	-1.6479	75.0122	17.2729	-133.3191	-81.0352	-152.6825	38.5212 
0x50	16:14:25.345	0.9004	-0.1611	-0.0229	-7.3242	58.1055	27.5269	-112.0221	-81.8976	-174.1827	38.5301 
0x50	16:14:25.394	0.7793	-0.1411	-0.1001	9.0332	58.1665	-11.3525	-92.9224	-83.2050	166.4374	38.5330 
0x50	16:14:25.443	0.9180	-0.1201	0.0503	1.5259	26.5503	-19.4092	-80.0409	-84.0839	153.8086	38.5271 
0x50	16:14:25.492	0.8887	-0.1270	0.0742	4.5166	16.9678	-15.3198	-69.7412	-84.5728	143.9429	38.5389 
0x50	16:14:25.542	0.8950	-0.0947	0.0718	3.2349	6.9580	-4.3335	-63.8416	-84.7815	138.3728	38.5507 
0x50	16:14:25.590	0.8687	-0.1069	0.0615	2.2583	30.5176	-2.6855	-49.1144	-84.0894	123.5413	38.5448 
0x50	16:14:25.639	0.8936	-0.1025	0.1055	2.2583	11.2305	0.0000	-45.0824	-83.4192	119.5587	38.5418 
0x50	16:14:25.688	0.8857	-0.0938	0.1079	1.7700	18.1885	-3.7842	-38.5345	-82.8479	113.0438	38.5536 
0x50	16:14:25.736	0.9268	-0.0767	0.1523	5.0659	8.6670	-6.8970	-33.0853	-82.6996	107.7759	38.5448 
0x50	16:14:25.785	0.8833	-0.0879	0.1367	5.1270	8.1787	1.8921	-31.7505	-82.2491	106.6827	38.5536 
0x50	16:14:25.833	0.8711	-0.1201	0.0957	1.0376	7.8125	1.0376	-30.9979	-81.7987	105.8423	38.5595 
0x50	16:14:25.882	0.8984	-0.0928	0.1597	-0.9766	9.3384	-2.8687	-28.5974	-81.4032	103.3484	38.5595 
0x50	16:14:25.931	0.9238	-0.0845	0.1855	6.2256	-11.1694	7.2021	-29.6082	-81.2439	104.7162	38.5595 
0x50	16:14:25.980	0.8823	-0.0996	0.1387	5.9814	0.0000	0.0000	-29.4324	-81.2000	104.7162	38.5536 
0x50	16:14:26.029	0.8809	-0.0771	0.1719	1.0986	19.2261	-23.4985	-23.0933	-81.0187	98.1903	38.5595 
0x50	16:14:26.078	0.8706	-0.0576	0.1899	5.6763	49.7437	-21.3013	-11.7169	-79.0027	86.8909	38.5742 
0x50	16:14:26.131	0.8887	-0.0298	0.2324	5.5542	43.8843	-16.5405	-5.7513	-77.0142	80.9363	38.5595 
0x50	16:14:26.224	0.8677	-0.0283	0.2617	12.2681	53.4058	-23.5596	0.4010	-74.3939	75.1245	38.5683 
0x50	16:14:26.273	0.8599	-0.0146	0.2861	-3.6621	30.9448	-1.3428	0.6921	-72.8284	74.5752	38.5507 
0x50	16:14:26.322	0.8511	-0.0146	0.3271	-1.9531	31.1890	-3.6621	1.0327	-71.2134	74.0424	38.5624 
0x50	16:14:26.371	0.8340	-0.0225	0.3389	2.8687	41.9922	-1.0376	0.7526	-69.3622	74.3610	38.5742 
0x50	16:14:26.419	0.8325	-0.0225	0.3838	-8.1787	49.3774	0.8545	0.0934	-66.8518	74.5477	38.5624 
0x50	16:14:26.468	0.7964	-0.0259	0.4175	0.4272	41.2598	-3.4790	0.0439	-64.8358	74.5203	38.5713 
0x50	16:14:26.518	0.8169	-0.0220	0.4629	-4.7607	49.7437	-5.7373	0.3241	-62.2980	73.8721	38.5683 
0x50	16:14:26.567	0.7651	-0.0210	0.4736	0.4883	29.8462	-8.7280	0.6427	-60.8258	73.3832	38.5624 
0x50	16:14:26.615	0.7852	-0.0205	0.5049	-5.5542	33.3862	-11.3525	1.2524	-59.1010	72.2791	38.5771 
0x50	16:14:26.648	0.7334	-0.0083	0.5186	-5.5542	32.7148	-5.5542	1.3348	-57.4585	71.8286	38.5830 
0x50	16:14:26.697	0.7417	0.0034	0.5547	-2.3804	49.6826	-13.3667	2.1039	-54.9097	70.7300	38.5801 
0x50	16:14:26.746	0.7153	0.0093	0.5869	-2.3804	37.4146	-7.2021	2.1643	-53.0475	70.3400	38.5742 
0x50	16:14:26.795	0.7056	0.0029	0.6074	-0.9155	31.1279	4.9438	1.6919	-51.4490	70.8344	38.5624 
0x50	16:14:26.844	0.6758	0.0049	0.6274	-4.8828	24.2310	6.4697	1.0052	-50.1691	71.3672	38.5830 
0x50	16:14:26.893	0.6680	-0.0137	0.6445	2.4414	35.0342	2.4414	0.9064	-48.3618	71.6034	38.5742 
0x50	16:14:26.942	0.6479	-0.0093	0.6675	-3.6621	29.5410	-3.0518	0.6317	-46.8732	71.6583	38.5860 
0x50	16:14:26.991	0.6396	-0.0034	0.6914	2.3804	26.0010	-5.3711	0.9943	-45.5109	71.2958	38.5801 
0x50	16:14:27.040	0.6187	-0.0010	0.6992	-1.1597	12.6343	0.7324	0.6592	-44.8517	71.4386	38.5830 
0x50	16:14:27.088	0.6104	-0.0215	0.7139	1.4038	18.4326	4.2725	0.4614	-43.8629	71.7517	38.5860 
0x50	16:14:27.137	0.6040	0.0005	0.7139	3.5400	13.7329	-6.5308	0.8020	-43.3026	71.3287	38.5860 
0x50	16:14:27.186	0.5781	-0.0103	0.7144	1.1597	26.6724	-0.5493	0.8350	-41.9073	71.3177	38.5860 
0x50	16:14:27.234	0.5737	-0.0039	0.7251	-5.5542	32.8369	12.2070	-0.0989	-40.5396	72.1472	38.5948 
0x50	16:14:27.285	0.5723	-0.0273	0.7656	-2.9907	32.7148	2.0752	-0.3625	-38.8531	72.2736	38.5742 
0x50	16:14:27.332	0.5469	-0.0176	0.7808	1.2207	20.2026	-0.7935	-0.2637	-37.6392	72.1857	38.6007 
0x50	16:14:27.381	0.5522	-0.0181	0.7896	0.0000	10.8643	6.1035	-0.3955	-36.9086	72.3889	38.5830 
0x50	16:14:27.430	0.5239	-0.0317	0.7837	1.3428	0.9766	7.0190	-0.5933	-36.7383	72.8668	38.5918 
0x50	16:14:27.479	0.5254	-0.0259	0.7715	4.0894	7.4463	12.2070	-0.8240	-36.4691	73.5040	38.5918 
0x50	16:14:27.528	0.5273	-0.0493	0.7983	-5.4932	17.2119	23.6816	-1.7029	-35.3650	74.7125	38.5977 
0x50	16:14:27.577	0.5088	-0.0361	0.7930	4.3335	23.1934	23.1934	-2.5598	-34.3048	76.2341	38.5860 
0x50	16:14:27.625	0.4863	-0.0586	0.8271	1.0986	14.8315	14.2212	-3.0927	-33.3380	77.2284	38.5830 
0x50	16:14:27.674	0.4644	-0.0698	0.8340	7.0801	15.0757	11.5356	-3.2025	-32.4536	77.9700	38.6007 
0x50	16:14:27.729	0.4761	-0.0669	0.8428	0.9155	6.5918	9.8267	-3.2959	-31.9977	78.3929	38.5948 
0x50	16:14:27.821	0.4673	-0.0649	0.8291	2.1973	0.6104	3.5400	-3.4058	-31.7725	78.7280	38.5918 
0x50	16:14:27.869	0.4702	-0.0728	0.8281	6.4087	-5.1270	17.7002	-3.5925	-31.8878	79.6344	38.5860 
0x50	16:14:27.918	0.4634	-0.0806	0.8267	1.4648	-2.6245	15.7471	-4.0210	-31.9592	80.6396	38.5948 
0x50	16:14:27.967	0.4692	-0.0649	0.8286	11.7798	12.2070	5.7983	-3.6859	-31.3605	80.9088	38.5948 
0x50	16:14:28.016	0.4683	-0.0830	0.8560	1.4648	-3.4180	-0.2441	-3.4991	-31.2506	80.9912	38.5918 
0x50	16:14:28.065	0.4634	-0.0718	0.8306	1.7700	-8.4839	1.7090	-3.5925	-31.7120	81.1560	38.6007 
0x50	16:14:28.114	0.4717	-0.0586	0.8091	2.8687	0.3052	3.1128	-3.6035	-31.7340	81.3373	38.5948 
0x50	16:14:28.163	0.4717	-0.0708	0.8228	4.0283	11.5967	1.3428	-3.3673	-31.2177	81.2878	38.5977 
0x50	16:14:28.212	0.4570	-0.0522	0.8193	5.3711	24.2920	7.8735	-3.2574	-30.0806	81.5405	38.5918 
0x50	16:14:28.244	0.4341	-0.0620	0.8511	3.5400	28.4424	7.8735	-3.2794	-28.5974	81.8976	38.5918 
0x50	16:14:28.294	0.4077	-0.0693	0.8618	10.0098	39.1846	17.1509	-3.2135	-26.6418	82.7435	38.5977 
0x50	16:14:28.343	0.3765	-0.0723	0.8765	3.4790	40.5273	14.2212	-3.3563	-24.5380	83.4082	38.5860 
0x50	16:14:28.397	0.3486	-0.0918	0.9072	1.3428	52.6123	12.2070	-3.4607	-21.8848	83.9520	38.6065 
0x50	16:14:28.440	0.3208	-0.0811	0.9243	-4.2725	37.7197	5.3101	-3.7573	-19.9622	84.1113	38.6036 
0x50	16:14:28.489	0.2817	-0.0771	0.9434	2.3804	31.5552	9.5825	-3.8562	-18.1055	84.4574	38.5918 
0x50	16:14:28.538	0.2749	-0.0806	0.9478	-0.4272	21.6064	6.5308	-3.9771	-16.9849	84.7211	38.5918 
0x50	16:14:28.587	0.2339	-0.0933	0.9551	2.3193	28.5645	9.5825	-3.9111	-15.4852	85.0562	38.5889 
0x50	16:14:28.635	0.2212	-0.0830	0.9424	-0.2441	24.8413	5.1880	-3.9935	-14.1998	85.2374	38.5918 
0x50	16:14:28.684	0.2031	-0.0918	0.9741	1.3428	38.5742	4.0894	-3.9716	-12.5134	85.3528	38.5948 
0x50	16:14:28.736	0.1709	-0.0879	0.9824	-4.3335	18.3105	0.9155	-4.2023	-11.5521	85.3308	38.5948 
0x50	16:14:28.782	0.1704	-0.0850	0.9692	1.5869	13.4277	-4.0894	-4.1968	-10.9369	85.2045	38.5918 
0x50	16:14:28.831	0.1499	-0.0830	0.9746	-0.7324	11.4136	-3.1128	-4.2078	-10.3436	85.0067	38.6065 
0x50	16:14:28.880	0.1470	-0.0898	0.9805	3.0518	16.8457	1.4648	-4.1309	-9.5416	85.0507	38.5977 
0x50	16:14:28.928	0.1235	-0.0894	0.9746	1.5869	21.6064	1.7090	-4.0759	-8.4265	85.0616	38.6007 
0x50	16:14:28.978	0.1084	-0.0830	0.9810	0.7935	24.2310	-0.2441	-4.0594	-7.2455	84.9408	38.5889 
0x50	16:14:29.028	0.0933	-0.0864	0.9995	0.0000	22.8271	-2.6245	-4.0485	-6.0974	84.7266	38.6095 
0x50	16:14:29.076	0.0566	-0.0688	0.9829	5.7373	23.3765	4.4556	-3.8177	-4.9274	84.8254	38.5977 
0x50	16:14:29.124	0.0596	-0.0986	1.0044	-0.4272	27.3438	-5.2490	-3.8507	-3.5706	84.4739	38.6065 
0x50	16:14:29.173	0.0239	-0.0698	0.9907	1.3428	27.2827	0.0000	-3.8123	-2.3016	84.2322	38.5977 
0x50	16:14:29.222	0.0127	-0.0874	1.0049	-0.8545	34.1797	3.4790	-3.8782	-0.5768	84.2926	38.6007 
0x50	16:14:29.271	-0.0356	-0.0796	0.9971	6.1646	38.3301	1.4648	-3.5706	1.3458	84.2596	38.5977 
0x50	16:14:29.321	-0.0576	-0.0684	1.0107	-0.3052	28.0151	-1.5259	-3.5925	2.7521	84.0948	38.6007 
0x50	16:14:29.425	-0.0996	-0.0752	1.0156	3.5400	42.9688	-0.2441	-3.3948	5.0427	83.9630	38.6095 
0x50	16:14:29.466	-0.1265	-0.0649	1.0171	0.8545	23.7427	-1.7700	-3.3673	6.2457	83.8037	38.6124 
0x50	16:14:29.514	-0.1436	-0.0747	1.0205	3.0518	31.1890	-2.7466	-3.2574	7.7399	83.5565	38.6007 
0x50	16:14:29.564	-0.1743	-0.0547	1.0068	5.0659	39.9780	-0.2441	-3.0212	9.7449	83.4302	38.6183 
0x50	16:14:29.612	-0.2051	-0.0469	0.9858	0.9155	28.6865	1.9531	-2.9608	11.3708	83.4467	38.6065 
0x50	16:14:29.661	-0.2207	-0.0625	1.0005	9.1553	24.1089	4.9438	-2.4884	12.5903	83.6389	38.6065 
0x50	16:14:29.711	-0.2505	-0.0493	0.9858	-1.0986	17.1509	-3.4180	-2.5433	13.5736	83.5510	38.6007 
0x50	16:14:29.759	-0.2578	-0.0586	1.0029	-3.9063	16.9678	-6.8970	-2.8455	14.4086	83.1555	38.5977 
0x50	16:14:29.808	-0.2705	-0.0547	0.9971	1.5869	1.8311	-1.2817	-2.8400	14.5404	83.0621	38.5977 
0x50	16:14:29.841	-0.2788	-0.0454	1.0093	2.5635	9.7656	-5.6152	-2.7905	15.0238	82.7435	38.6095 
0x50	16:14:29.890	-0.2808	-0.0728	0.9956	0.8545	11.4136	3.0518	-2.6697	15.5951	82.9303	38.6007 
0x50	16:14:29.939	-0.2959	-0.0317	0.9902	-0.9155	13.8550	3.2349	-2.6587	16.3037	83.0621	38.6036 
0x50	16:14:29.988	-0.2979	-0.0537	0.9673	2.3193	11.9629	5.7373	-2.4829	17.0398	83.2654	38.6065 
0x50	16:14:30.037	-0.3252	-0.0493	1.0010	-3.1738	21.5454	6.4697	-2.5598	18.1329	83.5565	38.6154 
0x50	16:14:30.086	-0.3301	-0.0688	0.9756	-12.0239	25.2075	5.6152	-2.9498	19.2206	83.8257	38.6036 
0x50	16:14:30.134	-0.3667	-0.0693	0.9951	-18.9819	26.2451	-8.2397	-4.0759	20.5115	83.3093	38.6124 
0x50	16:14:30.184	-0.3745	-0.0693	0.9717	1.0376	31.7383	16.8457	-3.9661	22.0111	83.8696	38.6007 
0x50	16:14:30.232	-0.3882	-0.0815	0.9590	4.2725	17.8223	16.3574	-3.5046	23.1427	84.7485	38.5977 
0x50	16:14:30.281	-0.4150	-0.0522	0.9355	8.3008	8.3008	9.8267	-2.9938	23.5931	85.2264	38.6036 
0x50	16:14:30.330	-0.4404	-0.0811	0.9873	-9.7656	23.6206	-4.6997	-3.2849	24.5215	85.1385	38.5918 
0x50	16:14:30.379	-0.4492	-0.0649	0.9580	-7.3853	29.4189	4.3945	-3.8617	25.9222	85.0122	38.6095 
0x50	16:14:30.428	-0.4536	-0.0801	0.9502	-5.8594	12.4512	1.2817	-4.0759	26.7133	85.0946	38.6007 
0x50	16:14:30.477	-0.4624	-0.0884	0.9028	-6.2256	18.4937	4.5166	-4.4495	27.5372	85.2319	38.6095 
0x50	16:14:30.526	-0.4756	-0.0991	0.9268	-11.1084	17.7002	0.4883	-4.9109	28.4381	85.2924	38.6065 
0x50	16:14:30.575	-0.4771	-0.1147	0.9209	-6.7749	18.2495	6.0425	-5.4163	29.3774	85.3748	38.5977 
0x50	16:14:30.623	-0.5200	-0.0952	0.9312	-1.8311	3.2959	4.4556	-5.4382	29.6191	85.5450	38.6124 
0x50	16:14:30.672	-0.5083	-0.1230	0.9097	-7.2021	17.7002	6.1646	-5.5975	30.5310	85.8636	38.6036 
0x50	16:14:30.721	-0.5464	-0.0972	0.9258	-11.5356	16.6016	0.3052	-6.2238	31.2396	85.7648	38.5977 
0x50	16:14:30.769	-0.5361	-0.1157	0.9189	-16.1743	12.1460	1.7700	-7.2235	31.8549	85.6714	38.6124 
0x50	16:14:30.819	-0.5591	-0.1343	0.8989	-9.2163	9.2773	-0.6714	-7.6080	32.2833	85.6659	38.6095 
0x50	16:14:30.867	-0.5542	-0.1177	0.8867	-3.4790	15.1978	3.9673	-8.2288	33.0029	85.5176	38.6036 
0x50	16:14:30.916	-0.5776	-0.1479	0.8901	-5.9814	12.6953	4.6997	-8.3002	33.6896	85.7318	38.6065 
0x50	16:14:31.014	-0.5723	-0.1416	0.8716	0.8545	6.1646	4.1504	-8.5034	34.0961	85.7593	38.6095 
0x50	16:14:31.063	-0.5811	-0.1597	0.8887	-5.3711	10.9253	1.7090	-8.6462	34.5026	85.7538	38.6183 
0x50	16:14:31.111	-0.5830	-0.1611	0.8633	-13.8550	20.4468	0.9766	-9.4427	35.4858	85.6219	38.6213 
0x50	16:14:31.161	-0.6011	-0.1514	0.8589	-11.1084	28.0762	-0.6104	-10.3381	36.7603	85.2100	38.6183 
0x50	16:14:31.209	-0.6416	-0.1851	0.8467	-4.3335	30.6396	1.5869	-10.7391	38.2544	84.9573	38.6007 
0x50	16:14:31.258	-0.6489	-0.1733	0.8477	-10.3760	20.3247	-0.3052	-11.5356	39.1498	84.6826	38.6036 
0x50	16:14:31.307	-0.6592	-0.1899	0.8159	-2.8076	19.8975	3.4790	-11.7279	40.1221	84.6442	38.6095 
0x50	16:14:31.355	-0.6436	-0.1851	0.7959	-4.0283	15.6250	0.4883	-12.1729	40.4791	84.2816	38.6124 
0x50	16:14:31.404	-0.6987	-0.1992	0.8203	-2.4414	24.7192	9.6436	-12.1454	41.7535	84.5618	38.6095 
0x50	16:14:31.438	-0.6885	-0.1919	0.7847	-15.2588	27.2827	0.9155	-13.1177	42.7203	84.2322	38.6036 
0x50	16:14:31.487	-0.7085	-0.2065	0.7993	-17.2119	20.6299	1.2817	-14.1559	43.6816	83.9905	38.6124 
0x50	16:14:31.536	-0.7080	-0.1768	0.7607	-12.2070	33.3252	13.0615	-14.6173	45.5383	84.0070	38.6095 
0x50	16:14:31.585	-0.7373	-0.1904	0.7549	5.6152	13.6108	20.0806	-13.5187	46.3953	85.1605	38.6124 
0x50	16:14:31.635	-0.7671	-0.1831	0.7407	-2.0752	12.7563	7.8125	-13.1726	47.4170	85.6549	38.6124 
0x50	16:14:31.683	-0.7754	-0.1836	0.7441	-3.4790	0.7935	5.6152	-13.0737	47.4774	86.0449	38.6065 
0x50	16:14:31.733	-0.7993	-0.1606	0.7266	4.0283	16.7236	5.7373	-13.2550	48.5596	85.8142	38.6065 
0x50	16:14:31.780	-0.7769	-0.2065	0.7241	9.2163	20.2637	0.9155	-13.0627	49.4879	85.5341	38.6065 
0x50	16:14:31.829	-0.8037	-0.1626	0.6953	3.9063	27.8931	-5.2490	-13.9417	51.0809	84.2267	38.6124 
0x50	16:14:31.878	-0.8184	-0.1704	0.6782	7.6904	23.2544	-5.1880	-14.2218	52.0972	83.3698	38.6183 
0x50	16:14:31.927	-0.8271	-0.1792	0.6797	2.9297	10.6201	6.5308	-13.9417	52.4927	83.6884	38.6242 
0x50	16:14:31.976	-0.8535	-0.1616	0.6636	0.9766	27.7710	6.7749	-13.8977	53.8824	83.6774	38.6242 
0x50	16:14:32.026	-0.8530	-0.1719	0.6489	10.6201	39.1846	-10.3149	-14.5239	55.2942	82.4194	38.6154 
0x50	16:14:32.074	-0.8784	-0.1680	0.6362	2.0142	21.1182	8.5449	-14.2163	56.3654	82.6886	38.6124 
0x50	16:14:32.124	-0.8945	-0.1787	0.6113	-3.3569	23.6816	1.2817	-14.2493	57.3267	82.8259	38.6183 
0x50	16:14:32.171	-0.9141	-0.1362	0.5952	5.2490	21.1792	-3.2349	-14.6173	58.2715	82.0404	38.6213 
0x50	16:14:32.220	-0.9092	-0.1528	0.5962	-8.6670	20.6299	0.4883	-15.4358	59.2163	81.3593	38.6271 
0x50	16:14:32.269	-0.9087	-0.1597	0.5684	-3.0518	25.6958	4.2725	-15.8203	60.4468	81.0846	38.6095 
0x50	16:14:32.318	-0.9512	-0.1694	0.5435	-9.7656	20.3247	-6.6528	-17.3309	61.4795	79.9146	38.6183 
0x50	16:14:32.367	-0.9238	-0.1797	0.5415	-4.3335	22.6440	-1.4648	-18.3197	62.4573	79.0466	38.6213 
0x50	16:14:32.416	-0.9458	-0.1821	0.5142	-5.1270	30.0293	2.8076	-19.0118	63.7921	78.5852	38.6213 
0x50	16:14:32.464	-0.9517	-0.1885	0.4897	-4.6387	31.2500	0.7324	-20.2588	65.2039	77.4811	38.6154 
0x50	16:14:32.515	-0.9888	-0.1787	0.4751	-10.9253	16.4185	0.9155	-21.8738	66.0114	76.3660	38.6124 
0x50	16:14:32.611	-0.9805	-0.1958	0.4331	-21.5454	27.2217	0.8545	-24.0601	67.2308	75.1740	38.6271 
0x50	16:14:32.660	-1.0073	-0.1753	0.4580	-8.4839	15.6250	1.6479	-25.6146	68.0438	74.2072	38.6242 
0x50	16:14:32.709	-1.0093	-0.2041	0.4229	0.0000	25.6958	-0.8545	-27.1088	69.1040	72.5757	38.6213 
0x50	16:14:32.757	-1.0015	-0.2065	0.3950	0.8545	23.8647	-0.6714	-28.3997	69.9445	71.0101	38.6330 
0x50	16:14:32.806	-1.0073	-0.1890	0.3828	2.0142	19.7144	4.9438	-28.9545	70.8563	70.2631	38.6242 
0x50	16:14:32.855	-1.0381	-0.1958	0.3623	-10.4980	31.1890	1.1597	-31.1298	72.0648	68.2800	38.6330 
0x50	16:14:32.904	-1.0386	-0.1768	0.3394	2.0752	15.0757	-4.2114	-32.7118	72.5482	66.4014	38.6213 
0x50	16:14:32.952	-1.0347	-0.1958	0.3389	14.8315	34.7900	10.7422	-33.6456	74.0094	64.5062	38.6271 
0x50	16:14:33.002	-1.0332	-0.1997	0.3003	9.3384	10.1318	-6.5308	-35.0958	74.1797	62.4902	38.6183 
0x50	16:14:33.035	-1.0537	-0.1655	0.2974	-0.7935	7.6904	-3.8452	-36.9086	74.4214	60.5511	38.6124 
0x50	16:14:33.084	-1.0420	-0.2100	0.2949	7.4463	6.7749	-3.9673	-37.7985	74.4983	59.1998	38.6213 
0x50	16:14:33.133	-1.0552	-0.1846	0.2744	10.0708	9.8877	-7.8125	-39.7705	74.5862	56.6785	38.6301 
0x50	16:14:33.182	-1.0347	-0.1929	0.2803	14.8315	20.6909	0.3052	-41.6492	75.0861	53.8879	38.6213 
0x50	16:14:33.230	-1.0718	-0.1792	0.2603	12.5122	13.6719	2.9907	-42.5885	75.7562	52.2400	38.6242 
0x50	16:14:33.279	-1.0522	-0.1719	0.2505	22.5830	15.3809	1.8921	-43.3466	76.1792	50.2185	38.6271 
0x50	16:14:33.329	-1.0635	-0.1934	0.2529	12.0850	10.0098	5.9814	-43.2971	76.9592	49.3890	38.6242 
0x50	16:14:33.377	-1.0596	-0.1548	0.2256	-0.4272	6.3477	7.3242	-43.5663	77.2174	48.8123	38.6213 
0x50	16:14:33.426	-1.0620	-0.1641	0.2256	-20.9961	15.6250	7.5073	-44.8737	78.0853	48.2465	38.6271 
0x50	16:14:33.475	-1.0679	-0.1323	0.2163	-5.9204	8.8501	10.3760	-45.8734	78.8434	47.6147	38.6183 
0x50	16:14:33.524	-1.0684	-0.1719	0.2197	-1.3428	6.4087	-0.3052	-46.1041	79.0247	47.0874	38.6330 
0x50	16:14:33.574	-1.0918	-0.1274	0.1958	3.4790	7.6294	2.5024	-47.4664	79.3213	45.4175	38.6271 
0x50	16:14:33.621	-1.0679	-0.1504	0.1914	-1.7090	8.7280	1.5869	-48.9771	79.6124	43.6267	38.6213 
0x50	16:14:33.670	-1.0732	-0.1426	0.1836	3.0518	7.8125	3.6011	-49.7681	79.9640	42.5446	38.6301 
0x50	16:14:33.719	-1.0776	-0.1343	0.1816	-2.0142	13.9160	4.5776	-51.6687	80.4474	40.3912	38.6301 
0x50	16:14:33.768	-1.0752	-0.1548	0.1855	9.3384	6.1646	-0.3052	-52.6190	80.6781	38.8367	38.6418 
0x50	16:14:33.818	-1.0737	-0.1274	0.1519	0.6714	6.7749	3.4180	-53.7177	81.0791	37.4854	38.6330 
0x50	16:14:33.865	-1.0762	-0.1460	0.1699	3.6011	9.6436	2.2583	-54.9042	81.3208	35.7330	38.6242 
0x50	16:14:33.915	-1.0986	-0.1260	0.1514	-9.8877	8.2397	1.5869	-57.0026	81.5900	33.7665	38.6360 
0x50	16:14:33.965	-1.0952	-0.1577	0.1509	0.4272	8.9722	-2.9907	-59.3097	81.5460	30.9924	38.6213 
0x50	16:14:34.012	-1.0771	-0.1279	0.1318	-10.8643	7.7515	3.6621	-61.1664	81.8701	29.3280	38.6418 
0x50	16:14:34.062	-1.0898	-0.1357	0.1387	-7.0190	10.5591	0.2441	-63.9020	82.0569	26.3507	38.6448 
0x50	16:14:34.110	-1.0898	-0.1357	0.1421	-5.3101	7.5684	-1.6479	-66.4288	82.1008	23.6206	38.6271 
0x50	16:14:34.207	-1.0830	-0.1416	0.1206	0.7324	4.0283	-3.4790	-67.8955	82.0129	21.7200	38.6301 
0x50	16:14:34.256	-1.0923	-0.1426	0.1245	2.9297	0.6104	-7.2632	-68.5107	81.6559	20.5499	38.6330 
0x50	16:14:34.305	-1.0918	-0.1504	0.1260	-2.4414	2.4414	-0.2441	-68.8348	81.7218	19.9457	38.6418 
0x50	16:14:34.354	-1.0830	-0.1294	0.1118	3.6621	-1.7090	-6.5918	-68.5272	81.3757	19.6710	38.6418 
0x50	16:14:34.403	-1.0962	-0.1484	0.1309	-0.4883	0.0000	-1.5259	-68.3734	81.3757	19.4568	38.6360 
0x50	16:14:34.452	-1.0884	-0.1465	0.1152	5.4932	-1.3428	-3.9673	-67.8461	81.1505	19.3799	38.6330 
0x50	16:14:34.501	-1.0869	-0.1523	0.1177	0.5493	1.6479	-0.9155	-67.8845	81.1670	18.9185	38.6301 
0x50	16:14:34.550	-1.0864	-0.1519	0.1235	-1.0986	0.0000	1.8311	-67.3792	81.2219	19.1437	38.6301 
0x50	16:14:34.599	-1.0923	-0.1538	0.1182	2.1362	-1.4648	2.6855	-66.3739	81.2988	19.7314	38.6448 
0x50	16:14:34.632	-1.0908	-0.1484	0.1245	1.2207	-0.2441	-1.2207	-66.0718	81.2164	19.6436	38.6360 
0x50	16:14:34.681	-1.0767	-0.1494	0.1255	-2.9297	-0.8545	2.8687	-65.4510	81.1890	19.9622	38.6389 
0x50	16:14:34.729	-1.0923	-0.1489	0.1299	1.5259	0.0000	0.9766	-64.9127	81.2054	20.0940	38.6389 
0x50	16:14:34.778	-1.0898	-0.1450	0.1270	-1.3428	-2.9297	1.2817	-63.8580	81.1450	20.9015	38.6389 
0x50	16:14:34.827	-1.0898	-0.1523	0.1299	0.3662	-1.1597	1.4038	-63.0286	81.1505	21.4398	38.6418 
0x50	16:14:34.877	-1.0835	-0.1455	0.1289	4.4556	-3.9063	-0.3052	-61.4191	81.1176	22.7142	38.6330 
0x50	16:14:34.925	-1.0903	-0.1436	0.1323	-3.2959	0.1831	0.5493	-61.2708	81.1230	22.7472	38.6418 
0x50	16:14:34.973	-1.0781	-0.1426	0.1318	1.4648	-0.3052	0.0000	-60.4413	81.1505	23.2635	38.6330 
0x50	16:14:35.023	-1.0972	-0.1431	0.1362	-2.6245	-0.3662	-0.9766	-60.3424	81.0736	23.2086	38.6330 
0x50	16:14:35.072	-1.0693	-0.1353	0.1348	0.6104	-0.4883	3.9063	-59.5734	81.1121	23.6096	38.6389 
0x50	16:14:35.120	-1.0903	-0.1367	0.1411	-1.4648	0.0000	0.6714	-59.2328	81.1176	23.7195	38.6389 
0x50	16:14:35.169	-1.0796	-0.1494	0.1328	-3.5400	-0.6714	9.8267	-57.8156	81.3647	24.9994	38.6330 
0x50	16:14:35.218	-1.1040	-0.1343	0.1382	-4.8218	2.1973	2.9297	-57.8815	81.5240	24.9005	38.6448 
0x50	16:14:35.267	-1.0767	-0.1279	0.1353	0.5493	-1.6479	7.2021	-56.5796	81.6998	25.9607	38.6360 
0x50	16:14:35.316	-1.0811	-0.1294	0.1377	-9.4604	3.2959	11.2305	-55.5853	82.2217	27.1857	38.6477 
0x50	16:14:35.365	-1.1079	-0.1108	0.1372	2.8076	-2.1362	-3.4790	-55.1184	82.1283	27.4658	38.6448 
0x50	16:14:35.413	-1.0825	-0.1191	0.1382	0.0000	2.2583	8.6670	-53.6957	82.5073	28.6304	38.6418 
0x50	16:14:35.462	-1.0786	-0.1128	0.1260	0.8545	-0.7324	-2.9907	-53.5968	82.4304	28.5590	38.6448 
0x50	16:14:35.512	-1.0815	-0.1113	0.1401	1.7700	0.0000	-0.9766	-53.4210	82.3590	28.3392	38.6477 
0x50	16:14:35.560	-1.0996	-0.1250	0.1279	-1.9531	0.8545	-2.4414	-53.5583	82.2217	27.9492	38.6565 
0x50	16:14:35.609	-1.0903	-0.1162	0.1411	5.1880	-0.7324	-2.9907	-53.4485	82.0514	27.5098	38.6507 
0x50	16:14:35.658	-1.0884	-0.1235	0.1357	-2.3804	0.3052	-0.9155	-53.2562	82.0624	27.5757	38.6536 
0x50	16:14:35.707	-1.0786	-0.1157	0.1357	2.8076	0.0000	2.2583	-52.3828	82.1228	28.0701	38.6448 
0x50	16:14:35.810	-1.0942	-0.1138	0.1436	-2.1973	1.4648	-2.6245	-52.7728	82.1722	27.5757	38.6565 
0x50	16:14:35.853	-1.0737	-0.1230	0.1309	5.5542	-0.7324	-0.5493	-52.2180	82.1008	27.6691	38.6448 
0x50	16:14:35.901	-1.1035	-0.1118	0.1411	-1.5259	1.1597	-2.5635	-52.8772	82.1173	26.8506	38.6389 
0x50	16:14:35.952	-1.0820	-0.1187	0.1313	4.6997	-3.3569	-3.1738	-52.1631	81.8701	27.1252	38.6595 
0x50	16:14:35.999	-1.0942	-0.1201	0.1455	3.2349	-1.8311	-2.0142	-51.5973	81.7273	27.3010	38.6624 
0x50	16:14:36.049	-1.0884	-0.1250	0.1421	1.3428	-4.0894	-1.6479	-50.5975	81.5131	28.0481	38.6507 
0x50	16:14:36.097	-1.0791	-0.1245	0.1450	-1.0376	-3.1738	2.8076	-48.6584	81.4087	29.7345	38.6536 
0x50	16:14:36.146	-1.0830	-0.1182	0.1543	-2.8076	-4.3335	-1.2817	-47.7960	81.1890	30.5310	38.6654 
0x50	16:14:36.195	-1.0830	-0.1206	0.1558	-0.8545	-2.5024	1.5869	-46.8512	81.0352	31.2341	38.6654 
0x50	16:14:36.229	-1.0781	-0.1162	0.1597	1.7090	-5.1270	-0.7324	-45.6372	80.8813	32.2559	38.6565 
0x50	16:14:36.277	-1.0791	-0.1260	0.1709	-4.0894	-3.6011	-0.5493	-45.1208	80.7111	32.7722	38.6536 
0x50	16:14:36.326	-1.0811	-0.1206	0.1763	-5.9204	-18.0054	5.0659	-41.5558	80.3650	36.4911	38.6565 
0x50	16:14:36.376	-1.0674	-0.1035	0.1943	-8.4229	-25.9399	7.6904	-34.8981	79.6344	43.5608	38.6507 
0x50	16:14:36.423	-1.0698	-0.1001	0.2188	-11.5967	-48.0957	8.9722	-27.8778	78.1348	51.1194	38.6683 
0x50	16:14:36.473	-1.0542	-0.0981	0.3057	8.9722	-73.4253	33.7524	-14.4800	75.3168	64.9292	38.6565 
0x50	16:14:36.521	-0.9956	-0.0562	0.3599	-36.7432	-103.6377	54.8706	-4.4989	71.4935	76.1188	38.6565 
0x50	16:14:36.571	-1.0000	-0.0684	0.4648	-55.7861	-86.8530	4.9438	-5.3888	66.1542	78.7610	38.6595 
0x50	16:14:36.619	-0.9546	-0.0508	0.4722	-15.6250	-45.1660	-14.0991	-7.2125	63.6877	78.0139	38.6683 
0x50	16:14:36.669	-0.9395	-0.0884	0.5713	15.8691	-52.3682	-15.3198	-8.2727	60.4193	76.1737	38.6595 
0x50	16:14:36.718	-0.9229	-0.0859	0.5981	7.4463	-42.4805	1.5869	-7.2565	58.2385	76.8109	38.6624 
0x50	16:14:36.765	-0.8838	-0.0728	0.5669	14.8926	-65.9180	-0.7935	-5.9711	54.9866	77.4811	38.6624 
0x50	16:14:36.815	-0.8711	-0.0718	0.6475	1.4648	-41.4429	-3.7842	-5.5701	52.7399	77.7722	38.6654 
0x50	16:14:36.863	-0.8306	-0.0781	0.6919	-5.7373	-81.4819	-15.1367	-6.2952	48.6200	77.2174	38.6683 
0x50	16:14:36.914	-0.7739	-0.1089	0.7344	0.7935	-49.2554	11.4136	-5.0153	46.3733	78.7720	38.6801 
0x50	16:14:36.961	-0.7969	-0.0669	0.7783	0.0000	-73.3032	-17.1509	-5.5371	42.6874	78.0249	38.6683 
0x50	16:14:37.011	-0.7080	-0.0737	0.7798	13.6108	-52.4902	10.5591	-4.0979	40.3198	78.6511	38.6742 
0x50	16:14:37.061	-0.6890	-0.0659	0.8208	2.4414	-44.7998	16.2964	-3.1970	38.1610	79.9091	38.6565 
0x50	16:14:37.107	-0.6372	-0.0596	0.8472	14.4653	-57.8613	0.2441	-2.8290	35.6287	79.8706	38.6742 
0x50	16:14:37.156	-0.6182	-0.0693	0.8896	-2.9907	-64.9414	14.5264	-2.4060	32.4481	80.9418	38.6771 
0x50	16:14:37.205	-0.5684	-0.0601	0.9150	4.9438	-53.7109	-3.4180	-2.3401	29.9377	80.9967	38.6771 
0x50	16:14:37.254	-0.5171	-0.0601	0.9087	0.0000	-57.8613	7.5684	-2.0984	27.0978	81.5625	38.6683 
0x50	16:14:37.305	-0.4873	-0.0405	0.9258	2.6855	-39.5508	0.6714	-1.8402	25.5212	82.0074	38.6742 
0x50	16:14:37.401	-0.4512	-0.0576	0.9590	-2.0752	-50.1709	-3.4180	-2.0160	23.0383	81.9086	38.6683 
0x50	16:14:37.450	-0.4028	-0.0439	0.9712	2.3193	-54.8706	6.1035	-1.8182	20.2478	82.1777	38.6801 
0x50	16:14:37.499	-0.3584	-0.0513	0.9619	-8.5449	-36.7432	7.2021	-2.1149	18.4570	82.6227	38.6742 
0x50	16:14:37.548	-0.3286	-0.0439	0.9688	-0.4272	-57.8613	6.2866	-2.0599	16.0126	83.2544	38.6771 
0x50	16:14:37.597	-0.2939	-0.0474	1.0034	-3.9063	-45.7764	5.2490	-2.1698	13.7714	83.6115	38.6683 
0x50	16:14:37.646	-0.2671	-0.0464	1.0229	6.9580	-25.7568	12.6953	-1.8127	12.3322	84.2542	38.6801 
0x50	16:14:37.695	-0.2300	-0.0522	1.0059	-6.9580	-24.4141	0.7324	-2.1643	11.1401	84.3365	38.6683 
0x50	16:14:37.743	-0.2095	-0.0610	1.0151	-5.3101	-18.2495	8.7891	-2.2522	10.3656	84.7430	38.6771 
0x50	16:14:37.792	-0.1851	-0.0557	0.9951	-5.2490	-37.1094	4.6387	-2.4774	8.5529	85.0507	38.6771 
0x50	16:14:37.825	-0.1538	-0.0630	1.0454	-13.0005	-34.1797	-6.8359	-3.1915	6.2567	84.9353	38.6830 
0x50	16:14:37.874	-0.1201	-0.0601	0.9854	-10.6812	-20.0806	8.6670	-3.6749	5.3064	85.4297	38.6683 
0x50	16:14:37.924	-0.1001	-0.0815	1.0293	-1.5259	-18.2495	-5.6152	-3.8452	4.5319	85.3363	38.6801 
0x50	16:14:37.972	-0.1001	-0.0801	0.9839	-4.5776	-35.2173	0.9155	-4.0759	2.8345	85.5011	38.6771 
0x50	16:14:38.022	-0.0640	-0.0835	1.0322	-2.1973	-11.6577	12.4512	-4.2627	1.8677	86.2042	38.6801 
0x50	16:14:38.072	-0.0508	-0.0889	0.9897	0.2441	-10.1929	9.8877	-4.2517	1.4282	86.7316	38.6771 
0x50	16:14:38.119	-0.0317	-0.0811	1.0205	-0.7324	-14.8926	5.4321	-4.3671	0.5438	87.0831	38.6683 
0x50	16:14:38.167	0.0039	-0.0977	0.9883	-4.3335	-32.5317	4.0283	-4.6088	-1.0492	87.4127	38.6860 
0x50	16:14:38.216	-0.0059	-0.0962	0.9668	-2.2583	-1.6479	-0.4272	-4.7021	-1.3184	87.5116	38.6860 
0x50	16:14:38.265	0.0093	-0.1138	0.9971	1.9531	-4.6997	-3.9063	-4.6362	-1.5491	87.3413	38.6742 
0x50	16:14:38.315	0.0190	-0.0879	1.0137	-6.4087	-27.0996	-3.1738	-4.8450	-2.4774	87.2479	38.6830 
0x50	16:14:38.363	0.0259	-0.0771	0.9966	9.4604	-18.4937	8.6670	-4.3945	-3.3289	87.7588	38.6742 
0x50	16:14:38.412	0.0566	-0.0928	0.9971	19.0430	-19.8364	4.6997	-3.1311	-4.0430	88.1268	38.6889 
0x50	16:14:38.462	0.0449	-0.0718	0.9902	1.7090	-2.5024	10.3760	-3.1036	-4.1089	88.6542	38.6889 
0x50	16:14:38.509	0.0659	-0.0659	1.0225	-8.2397	7.9346	-2.6245	-3.4442	-3.8123	88.4729	38.6801 
0x50	16:14:38.559	0.0400	-0.0576	0.9790	-2.5635	31.0059	2.1973	-3.5706	-2.2522	88.4894	38.6889 
0x50	16:14:38.607	0.0264	-0.0771	1.0059	7.3242	14.8315	0.3052	-3.2135	-1.4941	88.2916	38.6918 
0x50	16:14:38.656	-0.0054	-0.0513	0.9883	-7.0801	-0.6714	-16.4795	-3.5321	-1.5381	87.4677	38.6742 
0x50	16:14:38.705	0.0332	-0.0762	1.0244	16.6626	39.3066	-21.5454	-2.6257	-0.1978	85.8417	38.6860 
0x50	16:14:38.756	-0.0669	-0.0552	0.9688	2.0752	46.6919	-25.9399	-2.4664	1.9885	84.6552	38.6830 
0x50	16:14:38.803	-0.0186	-0.0718	1.0151	7.2632	6.4087	-0.4883	-2.1863	2.3621	84.2542	38.6830 
0x50	16:14:38.852	-0.0630	-0.0542	0.9775	1.2817	6.7749	-9.0942	-2.1259	2.6697	83.7927	38.6771 
0x50	16:14:38.900	0.0005	-0.0435	1.0723	11.9019	14.9536	3.8452	-1.5765	3.7573	83.8037	38.6918 
0x50	16:14:39.001	-0.1104	-0.0356	0.9561	-7.6904	-6.2866	-6.7749	-1.6919	3.4607	83.5236	38.6830 
0x50	16:14:39.047	-0.0200	-0.0352	1.0264	3.2349	7.5073	6.5918	-1.5546	4.0979	84.0454	38.6742 
0x50	16:14:39.101	-0.0771	-0.0400	1.0151	-4.5776	-9.3384	-3.6011	-1.6864	3.6749	84.0289	38.6830 
0x50	16:14:39.144	-0.0327	-0.0493	1.0508	3.9673	-1.0376	6.0425	-1.5216	3.8287	84.3146	38.6801 
0x50	16:14:39.193	-0.0732	-0.0244	1.0083	-1.7700	-5.5542	-10.1318	-1.6205	3.4991	83.9575	38.6801 
0x50	16:14:39.242	-0.0635	-0.0356	1.0244	-0.7324	-0.9766	6.6528	-1.6864	3.4827	84.0948	38.6742 
0x50	16:14:39.291	-0.0415	-0.0513	1.0195	-1.0376	-12.0239	0.2441	-1.7743	2.9883	84.1937	38.6771 
0x50	16:14:39.340	-0.0879	-0.0171	1.0205	0.9155	4.1504	-7.5073	-1.8127	3.0322	83.8147	38.6889 
0x50	16:14:39.389	-0.0459	-0.0508	1.0269	-0.5493	-12.8784	0.4272	-1.8237	2.6642	83.7982	38.6742 
0x50	16:14:39.423	-0.0532	-0.0225	1.0137	-1.8921	-11.3525	-5.0659	-1.9171	2.0599	83.5510	38.6860 
0x50	16:14:39.471	-0.0376	-0.0430	1.0005	2.9907	-6.7139	-6.0425	-1.8127	1.7963	83.2764	38.6918 
0x50	16:14:39.520	-0.0562	-0.0137	0.9663	-2.4414	-13.0615	-2.6245	-1.9281	1.1151	83.1500	38.6801 
0x50	16:14:39.570	-0.0220	-0.0464	0.9990	3.2959	3.6621	-1.7700	-1.8512	1.1041	83.0511	38.6918 
0x50	16:14:39.618	-0.0029	-0.0361	1.0112	-2.6855	-6.5918	-2.6855	-1.9885	0.7526	82.9303	38.6801 
0x50	16:14:39.666	-0.0234	-0.0439	1.0195	1.3428	-0.2441	1.3428	-1.9446	0.7416	82.9193	38.7007 
0x50	16:14:39.716	-0.0176	-0.0400	1.0161	-2.9907	-7.8735	-1.7090	-2.0984	0.3571	82.8479	38.6918 
0x50	16:14:39.764	0.0225	-0.0469	1.0649	3.9063	-1.7700	-2.7466	-1.9501	0.4065	82.6831	38.6830 
0x50	16:14:39.813	-0.0415	-0.0186	0.9570	-1.1597	-6.5308	-2.0142	-1.9885	0.1208	82.5952	38.6918 
0x50	16:14:39.864	0.0083	-0.0449	1.0283	6.3477	4.1504	-2.3804	-1.6315	0.5328	82.6117	38.6801 
0x50	16:14:39.911	-0.0449	-0.0195	0.9565	0.0000	-4.2114	-9.7046	-1.6260	0.3571	82.1338	38.6742 
0x50	16:14:39.960	0.0166	-0.0410	1.0298	7.5684	-0.3662	-1.0986	-1.2799	0.6097	82.0294	38.6830 
0x50	16:14:40.008	-0.0952	-0.0029	0.9233	-2.0752	-1.2817	1.7700	-1.3568	0.6537	82.1228	38.6918 
0x50	16:14:40.058	0.0225	-0.0552	1.0801	2.1973	3.8452	0.4883	-1.3348	1.3129	82.2217	38.6713 
0x50	16:14:40.106	-0.0723	0.0044	0.9800	0.7324	-5.9814	2.0752	-1.2634	1.0767	82.3370	38.6860 
0x50	16:14:40.155	0.0015	-0.0327	1.0303	4.2114	1.6479	-2.1973	-1.0767	1.4392	82.3206	38.6771 
0x50	16:14:40.205	-0.0864	0.0107	0.9468	1.0376	0.6104	-1.5869	-0.9888	1.5381	82.2437	38.6683 
0x50	16:14:40.252	-0.0298	-0.0249	1.0366	1.2207	-3.2349	-3.1128	-0.9338	1.6040	82.2162	38.6860 
0x50	16:14:40.302	-0.0781	0.0015	0.9722	3.3569	2.4414	0.0000	-0.7471	1.7798	82.2162	38.6771 
0x50	16:14:40.351	-0.0269	-0.0190	1.0254	1.4648	-5.1270	-1.5869	-0.6647	1.7908	82.1777	38.6801 
0x50	16:14:40.399	-0.0708	-0.0063	0.9644	3.4180	-3.0518	-0.9766	-0.4889	1.6919	82.1283	38.6889 
0x50	16:14:40.448	-0.0459	-0.0049	1.0166	-1.8921	1.5259	-3.2959	-0.5438	1.8182	81.9910	38.6889 
0x50	16:14:40.501	-0.0552	-0.0020	1.0049	1.9531	3.8452	-1.8311	-0.4449	2.0325	81.8976	38.6830 
0x50	16:14:40.595	-0.0542	-0.0117	1.0068	-1.7090	-2.0142	1.6479	-0.5164	2.0160	81.9525	38.6889 
0x50	16:14:40.644	-0.0547	-0.0020	1.0166	1.9531	4.8828	-0.8545	-0.4120	2.2797	81.9031	38.6948 
0x50	16:14:40.693	-0.0649	-0.0049	0.9858	-1.4648	-2.9907	0.7935	-0.4449	2.1753	81.9086	38.6801 
0x50	16:14:40.741	-0.0532	-0.0044	1.0127	1.4038	9.2163	2.7466	-0.3680	2.6422	82.0404	38.6918 
0x50	16:14:40.790	-0.0547	-0.0132	1.0005	-0.6714	0.0000	2.3804	-0.3790	2.5488	82.1283	38.6801 
0x50	16:14:40.839	-0.0474	-0.0103	1.0063	0.4883	0.6714	0.0000	-0.3571	2.5873	82.1283	38.6801 
0x50	16:14:40.888	-0.0620	-0.0103	1.0112	0.4883	0.4883	2.2583	-0.3625	2.6422	82.1832	38.6860 
0x50	16:14:40.936	-0.0493	-0.0049	1.0044	0.0000	0.2441	0.7935	-0.3571	2.6587	82.2217	38.6977 
0x50	16:14:40.986	-0.0718	0.0005	1.0146	-0.5493	0.4883	0.1831	-0.4175	2.7356	82.1942	38.6771 
0x50	16:14:41.018	-0.0562	-0.0112	1.0049	0.3052	1.0376	1.4038	-0.4065	2.8015	82.2656	38.6742 
0x50	16:14:41.071	-0.0664	-0.0117	1.0024	0.2441	1.7090	-0.2441	-0.4175	2.8674	82.2272	38.6801 
0x50	16:14:41.116	-0.0532	-0.0127	1.0215	1.8921	1.5869	0.0000	-0.3296	2.9443	82.2272	38.6830 
0x50	16:14:41.165	-0.0605	-0.0088	1.0034	-0.7935	2.8076	1.6479	-0.3790	3.0212	82.2766	38.6918 
0x50	16:14:41.215	-0.0542	-0.0122	1.0142	1.7090	-4.8218	0.2441	-0.3021	2.7850	82.2931	38.6860 
0x50	16:14:41.263	-0.0566	-0.0078	1.0146	-0.7324	3.9673	-0.3662	-0.3296	2.9663	82.2491	38.6801 
0x50	16:14:41.313	-0.0562	-0.0083	1.0171	-0.5493	1.6479	2.0142	-0.3571	3.0542	82.3480	38.6860 
0x50	16:14:41.361	-0.0801	-0.0073	0.9780	0.3052	0.6104	-0.9766	-0.3406	3.0707	82.2876	38.6771 
0x50	16:14:41.410	-0.0625	-0.0083	1.0156	-0.4883	3.8452	1.7700	-0.3625	3.2684	82.3755	38.6889 
0x50	16:14:41.458	-0.0630	-0.0151	0.9995	0.7935	-1.8921	-0.4883	-0.3241	3.1696	82.3700	38.6771 
0x50	16:14:41.507	-0.0659	-0.0078	1.0117	-0.4883	2.5024	0.9155	-0.3516	3.3069	82.4139	38.7036 
0x50	16:14:41.557	-0.0571	-0.0107	1.0161	1.5259	-2.8076	1.4648	-0.3076	3.2190	82.4744	38.6565 
0x50	16:14:41.606	-0.0732	-0.0044	0.9976	0.3662	1.5869	-0.6104	-0.2911	3.3124	82.4469	38.6771 
0x50	16:14:41.654	-0.0615	-0.0093	1.0205	-0.8545	1.5259	0.9155	-0.3680	3.4442	82.5238	38.6801 
0x50	16:14:41.703	-0.0688	-0.0186	1.0029	1.7090	-5.7983	-1.4648	-0.3021	3.2135	82.5073	38.6801 
0x50	16:14:41.752	-0.0562	-0.0088	1.0117	0.0000	0.7935	0.8545	-0.2911	3.3234	82.5183	38.6713 
0x50	16:14:41.801	-0.0645	-0.0117	1.0000	-0.8545	-2.3193	0.0000	-0.3241	3.2080	82.5403	38.6801 
0x50	16:14:41.850	-0.0498	-0.0132	1.0269	0.6714	1.5869	0.4883	-0.2856	3.3234	82.5623	38.6683 
0x50	16:14:41.898	-0.0703	-0.0093	0.9941	-0.2441	-1.0376	0.6104	-0.3076	3.2684	82.5897	38.6713 
0x50	16:14:41.948	-0.0469	-0.0156	1.0117	0.0000	-0.5493	0.7324	-0.3021	3.3014	82.5897	38.6801 
0x50	16:14:41.996	-0.0728	-0.0083	0.9897	-1.1597	1.0986	1.4038	-0.3516	3.2629	82.6611	38.6801 
0x50	16:14:42.045	-0.0591	-0.0068	1.0083	1.2817	-3.1128	0.6104	-0.2747	3.2025	82.6831	38.6771 
0x50	16:14:42.094	-0.0894	-0.0044	0.9897	-0.9155	4.1504	0.0000	-0.3186	3.2904	82.7106	38.6801 
0x50	16:14:42.192	-0.0664	-0.0093	1.0005	0.0000	-2.6245	1.2207	-0.3186	3.2245	82.7325	38.6683 
0x50	16:14:42.240	-0.0850	-0.0029	1.0063	0.5493	4.2725	0.0000	-0.3186	3.3014	82.7325	38.6683 
0x50	16:14:42.290	-0.0669	-0.0088	1.0127	0.0000	-3.9063	0.6104	-0.3296	3.1641	82.7710	38.6801 
0x50	16:14:42.338	-0.0762	-0.0103	0.9927	0.5493	3.6621	-0.8545	-0.3186	3.2355	82.7325	38.6801 
0x50	16:14:42.386	-0.0664	-0.0107	1.0122	0.0000	-2.8076	0.9155	-0.3296	3.1311	82.7655	38.6860 
0x50	16:14:42.435	-0.0684	-0.0146	1.0010	0.9155	2.3804	0.0000	-0.3021	3.1915	82.7765	38.6771 
0x50	16:14:42.484	-0.0654	-0.0117	1.0005	-1.2817	-0.3662	-0.8545	-0.3735	3.1805	82.7325	38.6801 
0x50	16:14:42.534	-0.0654	-0.0088	1.0083	1.0376	4.3335	-0.1831	-0.3296	3.3453	82.7380	38.6860 
0x50	16:14:42.583	-0.0547	-0.0088	1.0054	1.2817	-0.4272	-0.9766	-0.2747	3.3179	82.6886	38.6801 
0x50	16:14:42.616	-0.0728	-0.0054	1.0112	-0.4272	2.1362	0.6714	-0.2911	3.3893	82.6831	38.6860 
0x50	16:14:42.669	-0.0825	-0.0024	1.0005	-0.3052	1.7700	0.3052	-0.3021	3.4991	82.6996	38.6801 
0x50	16:14:42.734	-0.0586	-0.0107	1.0137	-0.6104	1.8311	0.6104	-0.3461	3.5431	82.6996	38.6742 
0x50	16:14:42.781	-0.0723	-0.0088	0.9980	1.0986	-1.7090	-0.1831	-0.2966	3.4717	82.6886	38.6801 
0x50	16:14:42.811	-0.0771	-0.0083	1.0151	0.3662	1.2207	0.1831	-0.2911	3.5596	82.6996	38.6742 
0x50	16:14:42.888	-0.0596	-0.0112	1.0044	1.0376	-0.6714	0.4883	-0.2472	3.5211	82.7271	38.6683 
0x50	16:14:42.910	-0.0723	-0.0054	1.0215	0.0000	3.4180	0.3662	-0.2472	3.6639	82.7325	38.6830 
0x50	16:14:42.986	-0.0640	-0.0073	1.0156	-0.1831	-0.6714	0.0000	-0.2582	3.6310	82.7325	38.6801 
0x50	16:14:43.007	-0.0669	-0.0068	1.0054	0.8545	0.9766	-1.0376	-0.2252	3.6530	82.6776	38.6801 
0x50	16:14:43.056	-0.0688	-0.0122	1.0088	-4.1504	5.8594	-2.3193	-0.4449	3.9441	82.5623	38.6860 
0x50	16:14:43.104	-0.0757	0.0000	1.0229	1.4038	1.7700	2.1362	-0.3955	3.9661	82.6447	38.6713 
0x50	16:14:43.193	-0.0679	-0.0142	0.9849	1.0986	-0.4272	-0.4883	-0.3516	3.9441	82.6172	38.6889 
0x50	16:14:43.202	-0.0615	-0.0127	1.0288	-0.4272	3.7231	0.4883	-0.3845	4.1199	82.6556	38.6860 
0x50	16:14:43.251	-0.0801	-0.0078	1.0039	1.2207	-3.7231	0.2441	-0.3241	3.9496	82.6666	38.6801 
0x50	16:14:43.300	-0.0601	-0.0103	1.0107	-1.0376	2.1973	0.3662	-0.3625	4.0814	82.7051	38.6683 
0x50	16:14:43.388	-0.0825	-0.0093	1.0068	0.1831	-1.1597	0.0000	-0.3571	4.0375	82.7051	38.6742 
0x50	16:14:43.397	-0.0688	-0.0103	1.0093	-1.4038	4.4556	-1.5259	-0.4010	4.2572	82.6117	38.6683 
0x50	16:14:43.446	-0.0913	0.0005	1.0063	-0.6714	-1.6479	0.7324	-0.4230	4.1913	82.6501	38.6654 
0x50	16:14:43.495	-0.0586	-0.0146	1.0166	-0.6104	1.7700	-0.4272	-0.4285	4.2847	82.6447	38.6683 
0x50	16:14:43.593	-0.0928	-0.0093	0.9976	0.9155	0.0000	0.3662	-0.3845	4.3066	82.6611	38.6713 
0x50	16:14:43.594	-0.0796	-0.0059	0.9922	-1.4038	-0.1831	0.0000	-0.4065	4.2957	82.6227	38.6683 
0x50	16:14:43.642	-0.0747	-0.0044	1.0205	1.0986	-1.2207	2.5024	-0.3406	4.2352	82.7490	38.6801 
0x50	16:14:43.690	-0.0771	-0.0068	0.9985	-0.7324	1.0376	-1.4038	-0.3571	4.2572	82.6556	38.6654 
0x50	16:14:43.793	-0.0796	-0.0029	1.0244	-0.1831	1.4648	0.0000	-0.3625	4.3341	82.6556	38.6624 
0x50	16:14:43.837	-0.0796	-0.0078	0.9907	-1.2817	1.2817	-1.4038	-0.3790	4.2517	82.6282	38.6683 
0x50	16:14:43.885	-0.0688	-0.0073	1.0142	0.0000	3.6011	0.2441	-0.3790	4.4220	82.6392	38.6742 
0x50	16:14:43.934	-0.0859	-0.0015	1.0068	-0.6104	-0.1831	0.1831	-0.4010	4.3561	82.6447	38.6713 
0x50	16:14:43.989	-0.0679	-0.0103	1.0146	1.7700	-0.1831	0.7935	-0.3186	4.3396	82.6831	38.6624 
0x50	16:14:44.032	-0.0825	-0.0142	1.0044	-0.4883	2.1973	1.6479	-0.3131	4.3396	82.7930	38.6654 
0x50	16:14:44.081	-0.0942	0.0020	0.9893	2.5635	6.8359	0.4883	-0.1813	4.6967	82.8149	38.6713 
0x50	16:14:44.129	-0.0903	-0.0039	1.0039	0.0000	-3.1128	-0.2441	-0.1978	4.5374	82.7820	38.6654 
0x50	16:14:44.191	-0.0703	-0.0073	1.0063	0.2441	1.6479	-1.4648	-0.1978	4.6033	82.7106	38.6507 
0x50	16:14:44.212	-0.0850	-0.0054	1.0093	0.0000	-2.0752	0.4883	-0.2032	4.4989	82.7380	38.6683 
0x50	16:14:44.261	-0.0674	-0.0054	1.0093	0.0000	0.2441	-0.6714	-0.2087	4.4934	82.6996	38.6536 
0x50	16:14:44.310	-0.0786	-0.0073	1.0078	0.0000	-0.3052	1.4038	-0.2252	4.4934	82.7435	38.6624 
0x50	16:14:44.391	-0.0762	-0.0088	1.0078	-0.3052	1.5259	-0.3662	-0.2472	4.5648	82.7216	38.6595 
0x50	16:14:44.407	-0.0850	-0.0049	0.9966	0.5493	0.0000	0.3052	-0.2197	4.5319	82.7216	38.6713 
0x50	16:14:44.456	-0.0762	-0.0073	1.0083	-0.1831	1.6479	-0.1831	-0.2362	4.6088	82.7106	38.6713 
0x50	16:14:44.506	-0.0776	-0.0073	1.0156	0.0000	-1.2817	0.0000	-0.2472	4.5538	82.7161	38.6565 
0x50	16:14:44.596	-0.0708	-0.0044	1.0112	-0.4272	0.6104	0.0000	-0.2472	4.5538	82.7051	38.6595 
0x50	16:14:44.603	-0.0732	-0.0059	1.0151	0.3662	-0.4272	0.0000	-0.2472	4.5428	82.7051	38.6654 
0x50	16:14:44.653	-0.0728	-0.0015	1.0107	0.4272	-0.2441	0.7935	-0.2252	4.4934	82.7325	38.6742 
0x50	16:14:44.701	-0.0771	-0.0098	1.0068	-0.4272	0.0000	-0.4883	-0.2582	4.5319	82.7161	38.6565 
0x50	16:14:44.795	-0.0903	0.0020	1.0122	0.9766	0.2441	1.0376	-0.2252	4.5264	82.7216	38.6654 
0x50	16:14:44.799	-0.0708	-0.0098	1.0078	-0.6104	-0.9155	0.0000	-0.2527	4.4769	82.7216	38.6624 
0x50	16:14:44.847	-0.0898	0.0049	1.0034	0.0000	0.2441	0.6104	-0.2637	4.4769	82.7106	38.6624 
0x50	16:14:44.896	-0.0703	-0.0112	1.0205	0.6104	-0.5493	-0.4883	-0.2856	4.4879	82.7106	38.6565 
0x50	16:14:44.996	-0.0703	-0.0088	1.0103	1.2207	-1.2817	0.6104	-0.2197	4.4275	82.7380	38.6477 
0x50	16:14:44.996	-0.0742	-0.0024	1.0151	-0.2441	0.9155	-0.2441	-0.2417	4.4659	82.7216	38.6565 
0x50	16:14:45.044	-0.0654	-0.0059	1.0146	1.0376	0.7324	0.4883	-0.2032	4.4989	82.7106	38.6536 
0x50	16:14:45.092	-0.0889	0.0005	0.9941	-0.4883	-0.7935	-0.3662	-0.2252	4.4275	82.6996	38.6536 
0x50	16:14:45.140	-0.0645	-0.0083	1.0244	0.8545	1.0986	-0.5493	-0.1923	4.4989	82.6996	38.6536 
0x50	16:14:45.198	-0.0757	-0.0029	1.0039	-0.3662	1.3428	0.8545	-0.2252	4.5264	82.7161	38.6683 
0x50	16:14:45.239	-0.0747	-0.0063	1.0098	0.4272	0.7935	-0.8545	-0.2142	4.5813	82.6996	38.6565 
0x50	16:14:45.286	-0.0815	0.0000	1.0044	0.0000	-0.4272	-0.2441	-0.2087	4.5648	82.6886	38.6448 
0x50	16:14:45.401	-0.0635	-0.0073	1.0171	0.4883	-1.8311	-1.0986	-0.2197	4.5868	82.6666	38.6477 
0x50	16:14:45.434	-0.0889	0.0049	1.0034	0.0000	-1.2817	0.0000	-0.2087	4.5319	82.6721	38.6418 
0x50	16:14:45.482	-0.0649	-0.0059	1.0063	-0.6104	0.9766	0.3052	-0.2362	4.6033	82.6501	38.6418 
0x50	16:14:45.532	-0.0723	-0.0029	1.0210	0.6104	-3.1738	1.0986	-0.1978	4.4385	82.7106	38.6477 
0x50	16:14:45.603	-0.0811	-0.0020	0.9902	-0.6104	0.9155	-0.2441	-0.2142	4.4879	82.6666	38.6565 
0x50	16:14:45.629	-0.0801	-0.0010	1.0171	0.2441	-0.9155	0.6714	-0.1978	4.4385	82.6996	38.6565 
0x50	16:14:45.677	-0.0801	-0.0034	0.9927	-0.7324	0.9155	-0.2441	-0.2197	4.4604	82.6886	38.6448 
0x50	16:14:45.726	-0.0830	0.0015	1.0186	0.4883	0.1831	0.0000	-0.1923	4.4769	82.6886	38.6624 
0x50	16:14:45.804	-0.0693	-0.0063	0.9980	-0.3052	-0.4883	-0.7324	-0.1813	4.4275	82.6776	38.6477 
0x50	16:14:45.808	-0.0820	-0.0010	1.0127	-0.9155	2.0752	0.0000	-0.2252	4.5374	82.6776	38.6448 
0x50	16:14:45.858	-0.0796	-0.0029	0.9927	0.5493	-0.9766	-0.2441	-0.2032	4.4604	82.6831	38.6448 
0x50	16:14:45.907	-0.0781	-0.0059	1.0112	-1.0986	1.8311	0.2441	-0.2582	4.5483	82.6996	38.6477 
0x50	16:14:46.001	-0.0771	-0.0015	1.0078	0.0000	-0.7935	0.6104	-0.2417	4.4714	82.7051	38.6448 
0x50	16:14:46.004	-0.0820	-0.0039	0.9951	0.0000	1.1597	1.3428	-0.2362	4.5319	82.7710	38.6389 
0x50	16:14:46.054	-0.0752	-0.0024	1.0073	-0.7324	1.5259	-0.6714	-0.2747	4.5868	82.7490	38.6330 
0x50	16:14:46.102	-0.0732	-0.0044	1.0127	0.6714	-1.3428	-0.1831	-0.2417	4.5099	82.7435	38.6448 
0x50	16:14:46.151	-0.0923	-0.0039	0.9951	-0.9155	0.4272	-0.3662	-0.2637	4.4769	82.7271	38.6536 
0x50	16:14:46.199	-0.0645	-0.0039	1.0229	1.0986	-1.1597	0.6714	-0.2087	4.4055	82.7600	38.6389 
0x50	16:14:46.249	-0.0830	-0.0010	0.9976	-0.2441	0.2441	-0.3052	-0.2142	4.3231	82.7271	38.6271 
0x50	16:14:46.297	-0.0669	-0.0039	1.0146	0.1831	1.6479	-0.4272	-0.2032	4.3945	82.7051	38.6448 
0x50	16:14:46.400	-0.0781	-0.0059	1.0073	0.0000	-1.4038	0.0000	-0.2087	4.3341	82.7161	38.6507 
0x50	16:14:46.400	-0.0703	-0.0078	0.9990	-0.5493	3.1738	1.4038	-0.2362	4.4824	82.7820	38.6448 
0x50	16:14:46.444	-0.0703	-0.0020	1.0215	0.0000	-1.8311	-0.1831	-0.2747	4.4604	82.8040	38.6448 
0x50	16:14:46.493	-0.0728	-0.0039	1.0161	0.2441	1.8311	0.4883	-0.2582	4.5428	82.8259	38.6389 
0x50	16:14:46.543	-0.0811	-0.0142	1.0015	-1.4038	3.2349	-0.3052	-0.3241	4.6802	82.8094	38.6330 
0x50	16:14:46.599	-0.0698	-0.0142	1.0122	1.4648	-1.0986	-0.1831	-0.2637	4.6088	82.7985	38.6330 
0x50	16:14:46.639	-0.0815	-0.0054	0.9976	-1.6479	2.0752	0.0000	-0.3241	4.6967	82.7930	38.6389 
0x50	16:14:46.689	-0.0708	-0.0073	1.0322	1.3428	-1.6479	1.2817	-0.2527	4.6033	82.8589	38.6389 
0x50	16:14:46.737	-0.0801	-0.0078	1.0063	-0.8545	0.6104	0.0000	-0.2802	4.6143	82.8809	38.6330 
0x50	16:14:46.805	-0.0781	-0.0020	1.0083	0.6104	-0.7324	0.3662	-0.2417	4.5758	82.8973	38.6389 
0x50	16:14:46.836	-0.0752	-0.0049	1.0127	1.0376	-3.1128	0.5493	-0.2032	4.4330	82.9303	38.6301 
0x50	16:14:46.883	-0.0645	-0.0083	1.0107	-0.4883	2.1362	-0.7324	-0.2307	4.5209	82.8918	38.6360 
0x50	16:14:47.001	-0.0884	-0.0054	1.0044	0.7935	-2.1362	0.1831	-0.2197	4.4604	82.9028	38.6330 
0x50	16:14:47.030	-0.0576	-0.0161	1.0068	0.0000	0.5493	-1.7090	-0.2417	4.4659	82.8149	38.6389