StartTime: 2020-01-03 15:57:22.479
address	Time(s)	ax(g)	ay(g)	az(g)	wx(deg/s)	wy(deg/s)	wz(deg/s)	AngleX(deg)	AngleY(deg)	AngleZ(deg)	T(°) 
0x50	16:30:13.550	-0.6509	0.0161	1.1997	1.5259	-0.4272	-0.7324	0.9338	28.5260	31.5033	37.2624 
0x50	16:30:13.599	-0.6396	0.0049	1.1963	0.4272	-0.5493	0.0000	0.9393	28.4875	31.5033	37.2624 
0x50	16:30:13.648	-0.6445	0.0200	1.2056	0.0000	0.2441	0.4272	0.9119	28.4930	31.5033	37.2624 
0x50	16:30:13.697	-0.6460	0.0103	1.1919	0.6714	0.0000	0.1831	0.9448	28.4930	31.5143	37.2712 
0x50	16:30:13.747	-0.6533	0.0239	1.2046	1.3428	0.0000	-0.6104	0.9448	28.5095	31.4978	37.2565 
0x50	16:30:13.794	-0.6274	0.0000	1.2080	0.9766	-0.6104	0.3662	0.9888	28.4601	31.5143	37.2506 
0x50	16:30:13.846	-0.6504	0.0239	1.2017	-1.6479	1.4648	2.5024	0.9668	28.5260	31.5967	37.2565 
0x50	16:30:13.893	-0.6250	-0.0059	1.2090	3.7231	-0.6714	-1.1597	1.0931	28.4711	31.5308	37.2477 
0x50	16:30:13.941	-0.6382	0.0190	1.2031	0.0000	1.7700	2.9297	1.1700	28.5809	31.6571	37.2506 
0x50	16:30:13.990	-0.6416	0.0122	1.1919	1.8921	1.4648	0.5493	1.2689	28.6469	31.6901	37.2477 
0x50	16:30:14.039	-0.6289	0.0137	1.2080	1.0986	1.2817	1.7090	1.3458	28.7073	31.8054	37.2536 
0x50	16:30:14.088	-0.6582	0.0161	1.1836	3.7842	0.9766	0.3662	1.5271	28.7622	31.8274	37.2624 
0x50	16:30:14.137	-0.6348	0.0156	1.2021	3.1128	1.2817	0.3662	1.6370	28.8116	31.8933	37.2271 
0x50	16:30:14.235	-0.6606	0.0313	1.1953	0.9766	2.5024	0.7324	1.7029	28.9380	31.9427	37.2506 
0x50	16:30:14.283	-0.6616	0.0259	1.2051	-2.1973	4.4556	3.5400	1.7029	29.1138	32.1021	37.2536 
0x50	16:30:14.332	-0.6489	0.0132	1.1899	6.2256	1.4648	0.9766	2.0160	29.1742	32.1570	37.2506 
0x50	16:30:14.381	-0.6816	0.0371	1.2007	1.5869	1.3428	1.3428	2.0599	29.2511	32.2009	37.2506 
0x50	16:30:14.478	-0.6206	0.0156	1.1987	2.1362	1.4038	0.7324	2.1698	29.2786	32.3602	37.2388 
0x50	16:30:14.480	-0.6821	0.0303	1.1997	1.5869	3.6621	1.8921	2.2797	29.4434	32.4481	37.2388 
0x50	16:30:14.527	-0.6230	0.0161	1.2158	-4.8218	4.8218	2.5635	2.1588	29.6686	32.6294	37.2388 
0x50	16:30:14.576	-0.6567	0.0229	1.1743	3.7231	1.2817	0.0000	2.4060	29.7180	32.6019	37.2506 
0x50	16:30:14.625	-0.6714	0.0298	1.2046	-1.4038	0.7935	0.5493	2.3181	29.7620	32.5854	37.2330 
0x50	16:30:14.679	-0.6606	0.0435	1.1841	3.9063	2.9297	-0.8545	2.5378	29.8444	32.5470	37.2477 
0x50	16:30:14.708	-0.6899	0.0547	1.1953	0.6714	1.0986	0.1831	2.5873	29.9158	32.5525	37.2388 
0x50	16:30:14.757	-0.6650	0.0303	1.1904	-0.7324	1.2817	2.9907	2.6587	29.9542	32.7008	37.2418 
0x50	16:30:14.806	-0.6655	0.0308	1.2002	0.8545	0.7324	-0.7324	2.6367	29.9597	32.7448	37.2330 
0x50	16:30:14.865	-0.6563	0.0239	1.2075	-2.3804	-0.3052	1.2207	2.5543	29.9597	32.8711	37.2418 
0x50	16:30:14.903	-0.6724	0.0386	1.1953	-0.2441	-0.4272	-1.5869	2.4609	29.9103	32.7997	37.2359 
0x50	16:30:14.952	-0.6597	0.0161	1.2070	-2.2583	0.9155	-0.2441	2.3401	29.9487	32.8217	37.2388 
0x50	16:30:15.001	-0.6821	0.0347	1.1914	0.0000	0.1831	-1.0376	2.2742	29.9377	32.7338	37.2271 
0x50	16:30:15.059	-0.6543	0.0386	1.1953	0.0000	0.7935	-0.1831	2.2412	29.9377	32.7502	37.2271 
0x50	16:30:15.099	-0.6826	0.0239	1.1958	-1.3428	-0.4272	0.7324	2.2357	29.9487	32.7338	37.2300 
0x50	16:30:15.147	-0.6763	0.0215	1.1978	-0.6104	-1.5869	-0.9155	2.1533	29.8608	32.6788	37.2271 
0x50	16:30:15.204	-0.6509	0.0254	1.2168	2.1973	-1.4038	-1.2817	2.1478	29.8224	32.6898	37.2447 
0x50	16:30:15.249	-0.6943	0.0332	1.1826	-3.4180	0.0000	2.3804	2.0325	29.8279	32.8271	37.2359 
0x50	16:30:15.312	-0.6699	0.0210	1.1875	2.9907	-1.2817	-1.9531	2.0490	29.7565	32.7393	37.2271 
0x50	16:30:15.343	-0.6650	0.0254	1.1992	-1.8921	1.0376	1.7700	1.9940	29.7894	32.8436	37.2241 
0x50	16:30:15.392	-0.6855	0.0298	1.1831	0.0000	-0.3662	-1.2207	1.9940	29.7510	32.7502	37.2124 
0x50	16:30:15.441	-0.6685	0.0508	1.2104	1.5869	0.8545	-0.8545	2.0599	29.7729	32.7008	37.2300 
0x50	16:30:15.510	-0.6660	0.0190	1.1934	-3.7231	0.0000	2.2583	1.9885	29.7620	32.7942	37.2212 
0x50	16:30:15.538	-0.6436	0.0220	1.2144	2.2583	-0.7324	-1.4038	2.0380	29.6906	32.7118	37.2094 
0x50	16:30:15.587	-0.6733	0.0313	1.1958	-0.3662	0.3662	0.7324	2.0929	29.7015	32.7338	37.2241 
0x50	16:30:15.636	-0.6558	0.0264	1.2075	-2.3804	1.2207	0.7935	1.9830	29.7345	32.7832	37.2183 
0x50	16:30:15.707	-0.6782	0.0313	1.1875	-2.0142	0.1831	0.0000	1.9885	29.7290	32.7667	37.2271 
0x50	16:30:15.734	-0.6641	0.0234	1.2041	-0.7935	0.0000	0.0000	1.9336	29.7125	32.7667	37.2271 
0x50	16:30:15.831	-0.6704	0.0317	1.1855	-0.7935	-0.2441	-0.2441	1.9611	29.6796	32.7502	37.2183 
0x50	16:30:15.903	-0.6694	0.0278	1.2021	-2.0752	0.4883	1.7090	1.8951	29.6851	32.8491	37.2153 
0x50	16:30:15.929	-0.6855	0.0239	1.1812	0.0000	0.0000	-0.3052	1.9666	29.6796	32.7832	37.2153 
0x50	16:30:15.980	-0.6558	0.0229	1.2036	-1.5869	-0.2441	2.0752	1.9281	29.6411	32.9041	37.2153 
0x50	16:30:16.027	-0.6504	0.0142	1.2065	0.0000	-0.9766	-0.9766	1.8896	29.5697	32.8271	37.2065 
0x50	16:30:16.096	-0.6880	0.0435	1.1885	1.2817	0.0000	-0.6104	1.9391	29.5807	32.7942	37.2153 
0x50	16:30:16.125	-0.6631	0.0303	1.1914	0.0000	0.4272	0.0000	1.9336	29.5697	32.7942	37.2124 
0x50	16:30:16.173	-0.6641	0.0283	1.2046	1.5259	-0.3662	0.5493	2.0105	29.5367	32.8271	37.2036 
0x50	16:30:16.227	-0.6626	0.0244	1.2026	-0.3052	0.0000	1.2207	2.0105	29.5367	32.8821	37.2153 
0x50	16:30:16.297	-0.6709	0.0317	1.1890	-0.4272	0.2441	1.0986	2.0105	29.5477	32.9480	37.2153 
0x50	16:30:16.305	-0.6597	0.0361	1.1934	3.0518	1.1597	0.0000	2.0544	29.5587	32.9755	37.2153 
0x50	16:30:16.354	-0.6470	0.0068	1.2002	-0.6104	-1.0986	-0.3052	1.9775	29.4818	32.9535	37.1918 
0x50	16:30:16.402	-0.6597	0.0400	1.1899	1.2817	0.4883	-0.3052	1.9830	29.4873	32.8986	37.2065 
0x50	16:30:16.490	-0.6646	0.0137	1.2041	-1.3428	0.0000	-1.3428	1.8512	29.4818	32.8217	37.1888 
0x50	16:30:16.500	-0.6597	0.0327	1.1948	0.7324	-0.3052	0.7324	1.9281	29.4598	32.8491	37.2124 
0x50	16:30:16.549	-0.6758	0.0190	1.2070	2.4414	-1.5869	-2.2583	1.9666	29.3829	32.7173	37.2036 
0x50	16:30:16.605	-0.6553	0.0488	1.2139	-2.2583	0.3662	1.1597	1.8732	29.3774	32.7942	37.2006 
0x50	16:30:16.679	-0.6548	0.0342	1.1831	3.8452	-0.7324	-1.1597	2.0270	29.3335	32.7283	37.1977 
0x50	16:30:16.696	-0.6772	0.0283	1.1948	-0.6714	0.0000	2.3804	2.0160	29.3500	32.8162	37.2036 
0x50	16:30:16.745	-0.6362	0.0181	1.1768	-1.5259	1.2817	-1.8311	1.8677	29.3939	32.7118	37.2006 
0x50	16:30:16.793	-0.6694	0.0391	1.1724	0.6104	-0.7324	0.7324	1.9611	29.3774	32.7338	37.1859 
0x50	16:30:16.842	-0.6294	0.0229	1.2490	2.1973	0.7935	2.3193	2.1204	29.3610	32.8711	37.2065 
0x50	16:30:16.922	-0.6724	0.0361	1.2017	-2.1973	1.0376	-0.5493	2.0984	29.3774	32.8436	37.1947 
0x50	16:30:16.940	-0.6523	0.0381	1.1934	-1.4648	0.7935	2.0142	2.0819	29.3939	32.9645	37.1859 
0x50	16:30:16.989	-0.6724	0.0229	1.1865	3.5400	-1.2817	-1.1597	2.2247	29.3225	32.8876	37.1859 
0x50	16:30:17.040	-0.6655	0.0449	1.2056	-1.2207	1.1597	0.0000	2.1643	29.3719	32.8876	37.2036 
0x50	16:30:17.120	-0.6572	0.0391	1.2075	-1.3428	1.2817	-2.8687	2.0105	29.3884	32.7997	37.1830 
0x50	16:30:17.135	-0.6538	0.0352	1.1919	-5.3101	1.8311	4.7607	1.8787	29.4543	33.0798	37.1947 
0x50	16:30:17.184	-0.6650	0.0234	1.1885	3.5400	-1.9531	-5.0659	1.9061	29.3665	32.9315	37.1888 
0x50	16:30:17.234	-0.6523	0.0303	1.2002	-5.2490	2.5024	-4.2725	1.5216	29.4763	32.6898	37.1830 
0x50	16:30:17.315	-0.6646	0.0195	1.1807	-0.3052	-0.6104	1.0986	1.5875	29.3884	32.7502	37.1859 
0x50	16:30:17.331	-0.6455	0.0259	1.2007	-1.2817	1.0376	1.5869	1.5601	29.4159	32.8436	37.1830 
0x50	16:30:17.429	-0.6572	0.0332	1.2090	0.0000	-0.6104	-2.0752	1.5326	29.3939	32.7283	37.1830 
0x50	16:30:17.502	-0.6655	0.0259	1.1719	-0.3052	0.2441	-0.7935	1.5381	29.3445	32.6349	37.2036 
0x50	16:30:17.526	-0.6621	0.0278	1.1885	-0.8545	0.3662	-0.8545	1.5271	29.3610	32.6349	37.1888 
0x50	16:30:17.576	-0.6621	0.0293	1.2310	2.4414	-2.7466	-0.5493	1.5381	29.2676	32.5854	37.1830 
0x50	16:30:17.624	-0.6318	0.0288	1.2290	2.8076	-1.4648	3.4180	1.8127	29.1577	32.8656	37.1977 
0x50	16:30:17.692	-0.6694	0.0356	1.1704	-1.2207	-1.2207	2.5635	1.9446	29.0479	32.9645	37.1771 
0x50	16:30:17.722	-0.6606	0.0322	1.1924	1.5869	1.1597	0.6714	1.9501	29.1138	33.0249	37.1918 
0x50	16:30:17.771	-0.6558	0.0283	1.2153	-1.0376	1.0986	0.6104	1.8732	29.1632	33.0743	37.1771 
0x50	16:30:17.820	-0.6533	0.0332	1.2031	-2.4414	0.0000	-2.8687	1.7358	29.1028	32.9480	37.1800 
0x50	16:30:17.853	-0.6514	0.0269	1.1772	5.0049	-4.0283	-2.1362	1.8787	28.9215	32.7997	37.1859 
0x50	16:30:17.936	-0.6680	0.0405	1.2212	-4.3945	-4.3335	-1.6479	1.5765	28.8007	32.6349	37.1800 
0x50	16:30:17.951	-0.6450	0.0181	1.1929	7.7515	-6.1035	-0.6104	1.9061	28.4436	32.6788	37.1771 
0x50	16:30:17.999	-0.6499	0.0464	1.2129	3.9063	-6.7749	-7.6904	1.8347	28.1799	32.2394	37.1683 
0x50	16:30:18.048	-0.6587	0.0313	1.1821	0.4883	-8.4229	0.0000	1.9061	27.7899	32.1075	37.1800 
0x50	16:30:18.128	-0.6191	0.0410	1.2046	-2.3193	-8.6670	2.1362	1.8567	27.3724	32.2009	37.1830 
0x50	16:30:18.146	-0.6528	0.0391	1.2056	1.4038	-12.5732	2.6855	1.8457	26.8506	32.2284	37.1683 
0x50	16:30:18.195	-0.6006	0.0361	1.2129	-6.5918	-7.8735	1.0986	1.5491	26.4880	32.3712	37.1653 
0x50	16:30:18.245	-0.6064	0.0352	1.2153	-0.4272	-14.3433	3.9063	1.5271	25.8179	32.5085	37.1800 
0x50	16:30:18.321	-0.5923	0.0322	1.1987	-4.0894	-12.2070	-1.4038	1.2634	25.1532	32.3822	37.1683 
0x50	16:30:18.342	-0.5786	0.0293	1.1997	1.1597	-11.5356	2.9907	1.2799	24.6204	32.4701	37.1771 
0x50	16:30:18.390	-0.5566	0.0195	1.1768	-2.0752	-14.2822	-0.2441	1.1591	23.9282	32.4426	37.1653 
0x50	16:30:18.440	-0.5645	0.0190	1.1851	-2.8687	-14.7095	2.1973	1.0437	23.1921	32.4646	37.1800 
0x50	16:30:18.518	-0.5244	0.0205	1.2036	0.8545	-12.8174	1.0986	1.1041	22.5659	32.5140	37.1565 
0x50	16:30:18.537	-0.5376	0.0234	1.2183	-2.3804	-13.8550	0.1831	0.9283	21.9397	32.4701	37.1624 
0x50	16:30:18.586	-0.5098	0.0161	1.2080	1.2207	-14.7705	1.4648	1.0107	21.2311	32.5360	37.1536 
0x50	16:30:18.635	-0.5195	0.0234	1.2017	2.5024	-11.1084	-0.4883	1.0437	20.7147	32.4481	37.1653 
0x50	16:30:18.715	-0.4922	0.0249	1.1895	1.6479	-12.3291	-1.7090	1.0931	20.1434	32.3492	37.1683 
0x50	16:30:18.733	-0.4780	0.0225	1.2095	-0.6714	-10.4370	2.3193	1.0602	19.6930	32.4591	37.1683 
0x50	16:30:18.781	-0.4746	0.0249	1.2139	0.0000	-12.0850	0.0000	1.0602	19.1272	32.4481	37.1565 
0x50	16:30:18.830	-0.4736	0.0200	1.1631	-1.0376	-14.9536	1.0986	1.0822	18.5010	32.4646	37.1683 
0x50	16:30:18.906	-0.4434	0.0225	1.2085	1.3428	-16.6626	1.2817	1.1646	17.7100	32.5140	37.1506 
0x50	16:30:18.928	-0.4526	0.0264	1.1753	1.7700	-13.9160	0.8545	1.2250	17.1277	32.5250	37.1653 
0x50	16:30:19.026	-0.4282	0.0220	1.1816	2.4414	-12.8174	-0.7935	1.3239	16.5509	32.4701	37.1624 
0x50	16:30:19.074	-0.4141	0.0244	1.1846	2.4414	-10.6201	-0.2441	1.3788	16.0840	32.4316	37.1536 
0x50	16:30:19.151	-0.4385	0.0278	1.1548	2.1362	-12.7563	-1.8311	1.4557	15.5511	32.3218	37.1624 
0x50	16:30:19.172	-0.4019	0.0234	1.1685	2.2583	-14.3433	-1.0376	1.5326	14.8590	32.2668	37.1536 
0x50	16:30:19.223	-0.3911	0.0386	1.1865	-2.8687	-8.1177	2.6855	1.4282	14.5239	32.3932	37.1565 
0x50	16:30:19.271	-0.3818	0.0239	1.1724	-0.3052	-11.8408	-0.2441	1.4172	14.0076	32.3712	37.1447 
0x50	16:30:19.357	-0.3672	0.0366	1.1821	-3.4180	-9.0942	1.0376	1.2634	13.6230	32.4152	37.1506 
0x50	16:30:19.368	-0.3384	0.0283	1.1846	-0.1831	-11.8408	0.4272	1.2744	13.1616	32.4426	37.1565 
0x50	16:30:19.417	-0.3647	0.0210	1.1548	-1.4038	-10.4370	-1.4648	1.1810	12.7386	32.3547	37.1536 
0x50	16:30:19.450	-0.3149	0.0181	1.1855	-1.4038	-12.2070	-1.5259	1.1151	12.2333	32.2614	37.1536 
0x50	16:30:19.499	-0.3438	0.0332	1.1353	1.3428	-18.5547	-2.8687	1.1591	11.4148	32.0966	37.1565 
0x50	16:30:19.555	-0.3306	0.0371	1.1748	1.0376	-9.9487	1.0376	1.1481	11.0193	32.1240	37.1536 
0x50	16:30:19.597	-0.3086	0.0317	1.1450	1.6479	-14.6484	-3.1128	1.2030	10.3821	31.9537	37.1536 
0x50	16:30:19.645	-0.3120	0.0337	1.1563	0.0000	-8.7891	0.9155	1.2140	10.0195	31.9427	37.1477 
0x50	16:30:19.695	-0.2847	0.0283	1.1426	0.4272	-12.8174	-2.3804	1.2140	9.4702	31.8109	37.1418 
0x50	16:30:19.745	-0.2900	0.0396	1.1509	1.2817	-7.9346	-0.7935	1.2799	9.1846	31.7560	37.1359 
0x50	16:30:19.792	-0.2798	0.0347	1.1470	0.6104	-9.4604	0.8545	1.3239	8.8110	31.7889	37.1506 
0x50	16:30:19.841	-0.2642	0.0371	1.1572	0.1831	-11.4746	-0.7935	1.3239	8.3057	31.7340	37.1388 
0x50	16:30:19.890	-0.2676	0.0327	1.1494	1.7090	-18.4937	1.4038	1.4172	7.4872	31.7834	37.1506 
0x50	16:30:19.939	-0.2271	0.0415	1.1499	4.5776	-27.5879	-1.8921	1.5710	6.2567	31.6846	37.1418 
0x50	16:30:19.988	-0.2217	0.0391	1.1367	3.9063	-22.6440	0.9155	1.7688	5.2405	31.6956	37.1271 
0x50	16:30:20.036	-0.1768	0.0552	1.1509	8.9722	-36.2549	-0.3052	2.1533	3.5980	31.6132	37.1241 
0x50	16:30:20.085	-0.1528	0.0527	1.0806	6.9580	-32.6538	1.2817	2.5104	2.0764	31.6132	37.1359 
0x50	16:30:20.137	-0.1313	0.0615	1.1050	5.5542	-27.3438	-4.1504	2.7466	0.7471	31.3715	37.1330 
0x50	16:30:20.183	-0.1431	0.0586	1.0498	-5.3711	-8.1177	11.9629	2.4939	0.4614	31.9482	37.1447 
0x50	16:30:20.232	-0.1079	0.0532	1.0889	0.0000	-13.9771	0.9155	2.4719	-0.0659	31.9647	37.1300 
0x50	16:30:20.281	-0.0957	0.0610	1.0771	3.9673	-20.0195	0.5493	2.6807	-0.9503	31.9482	37.1388 
0x50	16:30:20.332	-0.0386	0.0571	1.0591	-8.1787	-27.1606	6.8359	2.3840	-2.0929	32.1954	37.1388 
0x50	16:30:20.378	-0.0898	0.0527	1.0566	-6.4087	-38.2080	-0.8545	2.0819	-3.8287	32.0746	37.1183 
0x50	16:30:20.427	-0.0322	0.0610	1.0864	-5.4932	-24.6582	-1.8921	1.7908	-4.8560	32.0856	37.1300 
0x50	16:30:20.476	-0.0356	0.0469	1.0132	-0.6104	-21.6675	1.9531	1.7688	-5.7898	32.1515	37.1241 
0x50	16:30:20.525	0.0464	0.0522	1.0493	6.0425	-21.4233	-6.2256	2.0160	-6.7236	31.9482	37.1183 
0x50	16:30:20.623	-0.0645	0.0542	0.9453	1.7700	-24.1699	-2.5024	2.1478	-7.7014	31.7834	37.1241 
0x50	16:30:20.672	-0.0220	0.0596	0.9517	8.2397	-24.9023	-9.8267	2.5543	-8.7067	31.3934	37.1212 
0x50	16:30:20.721	0.0161	0.0425	0.9712	-4.8828	-11.4746	3.7842	2.4390	-9.1571	31.4594	37.1271 
0x50	16:30:20.780	-0.0059	0.0347	0.9307	0.0000	-16.0522	0.8545	2.4994	-9.8273	31.4264	37.1300 
0x50	16:30:20.819	0.0947	0.0532	1.0049	0.0000	-15.6250	2.8687	2.4884	-10.5139	31.5363	37.1183 
0x50	16:30:20.872	0.0503	0.0659	0.9893	-5.7373	-14.5264	6.0425	2.2797	-11.2720	31.6736	37.1183 
0x50	16:30:20.916	0.1094	0.0649	0.9526	3.4180	-20.0806	-0.7935	2.3511	-12.0245	31.7175	37.1241 
0x50	16:30:20.973	0.0615	0.0479	0.9399	-2.9297	-13.5498	-0.3662	2.2522	-12.5903	31.6516	37.1212 
0x50	16:30:21.013	0.0947	0.0459	0.9185	2.9907	-18.4326	2.0752	2.3346	-13.2220	31.7175	37.1300 
0x50	16:30:21.047	0.0610	0.0317	0.9111	-2.8076	-10.1318	4.6997	2.2467	-13.6560	31.7780	37.1241 
0x50	16:30:21.097	0.1328	0.0439	0.9214	-0.4272	-15.9912	0.8545	2.0929	-14.1394	31.9373	37.1183 
0x50	16:30:21.165	0.1343	0.0684	0.8687	-1.4038	-19.4092	1.2207	2.0984	-15.0403	31.9592	37.1183 
0x50	16:30:21.194	0.1123	0.0396	0.8857	-2.9297	-9.4604	3.7231	1.9611	-15.4633	32.0416	37.1153 
0x50	16:30:21.243	0.1313	0.0444	0.8691	2.5635	-18.7988	-2.0752	2.0984	-16.2048	31.9318	37.1094 
0x50	16:30:21.291	0.1587	0.0391	0.8682	-2.5024	-22.6440	4.1504	2.0050	-17.2705	32.0471	37.1094 
0x50	16:30:21.353	0.1675	0.0396	0.8252	-2.6245	-15.9912	3.4790	1.8622	-18.1165	32.2009	37.1124 
0x50	16:30:21.389	0.2305	0.0596	0.8110	1.8921	-27.5879	-3.7842	1.9061	-19.2535	32.1240	37.1065 
0x50	16:30:21.438	0.1001	0.0322	0.6865	-14.9536	-14.9536	8.7280	1.4227	-20.3796	32.2339	37.1036 
0x50	16:30:21.488	0.2783	0.0464	0.8906	-1.3428	-15.8081	4.3945	0.7361	-20.9399	32.7667	37.1065 
0x50	16:30:21.554	0.2358	0.0278	0.7876	1.9531	-18.0664	-4.2725	0.8899	-21.7529	32.6019	37.1065 
0x50	16:30:21.587	0.2310	0.0415	0.7910	-2.6245	-29.3579	2.2583	0.7745	-23.1372	32.5909	37.1006 
0x50	16:30:21.634	0.2383	0.0376	0.7622	2.6855	-22.6440	-2.8076	0.9778	-24.2688	32.4207	37.1036 
0x50	16:30:21.683	0.3452	0.0469	0.7998	0.2441	-42.8467	-9.5825	1.0272	-26.0651	32.1075	37.1065 
0x50	16:30:21.746	0.2207	0.0439	0.7017	1.4038	-34.4849	5.0049	0.9888	-27.7899	32.3547	37.1006 
0x50	16:30:21.784	0.2290	0.0381	0.6362	-0.8545	-45.3491	-8.9111	1.4886	-29.9652	31.6681	37.0947 
0x50	16:30:21.830	0.2925	0.0518	0.6772	-4.9438	-27.5269	6.0425	1.0822	-31.3495	31.9812	37.1006 
0x50	16:30:21.879	0.2231	0.0542	0.6025	-0.3052	-26.2451	4.7607	1.0602	-32.9370	32.0361	37.0947 
0x50	16:30:21.928	0.3672	0.0361	0.6221	-6.2866	-15.5640	10.9253	0.3955	-33.7280	32.6733	37.0947 
0x50	16:30:21.998	0.2739	0.0371	0.5908	-0.7935	-17.0898	4.1504	0.3845	-34.7443	32.6569	37.0712 
0x50	16:30:22.026	0.3379	0.0415	0.5850	-1.2207	-22.3999	4.5166	0.1703	-35.8649	32.9205	37.0947 
0x50	16:30:22.074	0.3213	0.0259	0.5630	3.2349	-27.5269	1.4038	0.2856	-37.1722	32.9700	37.0977 
0x50	16:30:22.123	0.3350	0.0342	0.5327	0.9766	-29.8462	1.5259	0.2802	-38.6664	33.0579	37.0947 
0x50	16:30:22.222	0.3384	0.0269	0.4902	3.1738	-41.3818	-1.7090	0.5328	-40.5835	32.9095	37.0977 
0x50	16:30:22.270	0.3652	0.0332	0.4565	-2.3804	-39.1846	3.6621	0.2692	-42.5446	33.1293	37.0947 
0x50	16:30:22.319	0.3594	0.0430	0.4653	0.6104	-23.1934	3.9673	0.2582	-43.8629	33.1238	37.0888 
0x50	16:30:22.385	0.3838	0.0313	0.4229	-0.3052	-27.0386	5.5542	-0.0220	-45.2142	33.5028	37.0947 
0x50	16:30:22.417	0.3794	0.0366	0.4180	2.5635	-18.6768	0.6714	0.0494	-46.3239	33.5248	37.0888 
0x50	16:30:22.465	0.3843	0.0288	0.3901	3.3569	-11.6577	3.1738	0.0494	-46.9061	33.7555	37.0918 
0x50	16:30:22.515	0.3208	0.0386	0.3770	0.0000	-21.0571	2.6245	0.0549	-47.9114	33.7720	37.0830 
0x50	16:30:22.576	0.4204	0.0278	0.3442	2.9297	-20.8740	0.3662	0.1813	-48.9551	33.7939	37.0771 
0x50	16:30:22.612	0.3677	0.0356	0.3462	0.4883	-23.5596	-9.7656	0.7800	-50.2130	33.0634	37.0712 
0x50	16:30:22.646	0.3579	0.0337	0.2988	1.0986	-31.2500	-4.0283	1.1096	-51.7731	32.7063	37.0888 
0x50	16:30:22.694	0.3291	0.0474	0.3115	3.0518	-22.3389	-11.7188	1.8292	-52.9761	31.9043	37.0771 
0x50	16:30:22.770	0.4106	0.0430	0.2720	5.2490	-24.9634	3.1738	1.9336	-54.2285	32.1021	37.0888 
0x50	16:30:22.792	0.3359	0.0508	0.2788	-2.4414	-15.3809	-2.4414	1.9885	-55.1898	31.8384	37.0683 
0x50	16:30:22.841	0.4326	0.0361	0.2227	1.6479	-9.8877	-0.2441	2.1149	-55.6842	31.7889	37.0712 
0x50	16:30:22.890	0.3682	0.0537	0.2368	-0.4272	-26.3062	5.0049	1.9281	-56.9476	31.8933	37.0741 
0x50	16:30:22.961	0.4302	0.0342	0.1831	-1.5869	-16.5405	3.7231	1.6040	-57.7771	32.1899	37.0712 
0x50	16:30:22.988	0.3560	0.0352	0.2026	0.9155	-14.4653	2.8076	1.5051	-58.6450	32.2668	37.0741 
0x50	16:30:23.036	0.4233	0.0317	0.1592	-1.8921	-18.5547	1.7700	1.3019	-59.5734	32.3932	37.0741 
0x50	16:30:23.086	0.3999	0.0498	0.1523	0.1831	-24.5361	-8.3008	1.9775	-60.6610	31.5857	37.0653 
0x50	16:30:23.134	0.3428	0.0552	0.1680	2.5635	-17.8833	4.1504	1.7853	-61.5619	31.9482	37.0712 
0x50	16:30:23.207	0.4082	0.0269	0.0684	2.0752	-40.1001	2.4414	2.0490	-63.3417	31.8878	37.0683 
0x50	16:30:23.233	0.3701	0.0488	0.0913	-2.1973	-48.4009	-10.9253	3.2574	-65.7367	30.4211	37.0712 
0x50	16:30:23.282	0.4009	0.0386	0.0493	1.3428	-10.9253	7.2632	2.5598	-66.2201	31.2506	37.0653 
0x50	16:30:23.331	0.3901	0.0459	0.0547	4.2114	-22.9492	1.0376	2.7686	-67.3682	31.2506	37.0653 
0x50	16:30:23.408	0.4023	0.0249	-0.0142	1.1597	-18.4326	4.6997	2.5214	-68.4613	31.7010	37.0594 
0x50	16:30:23.428	0.3882	0.0410	0.0205	0.0000	-20.1416	2.6245	2.2961	-69.4720	31.9427	37.0565 
0x50	16:30:23.476	0.4053	0.0327	-0.0425	1.8921	-24.9023	1.2817	2.1698	-70.8618	32.2614	37.0712 
0x50	16:30:23.525	0.3477	0.0361	-0.0195	-0.3662	-13.1226	4.6387	1.5436	-71.5210	32.9041	37.0535 
0x50	16:30:23.599	0.3521	0.0269	-0.0605	-0.5493	-25.6348	-4.9438	156.0773	-72.7625	32.1735	37.0565 
0x50	16:30:23.623	0.3623	0.0273	-0.0669	-4.2725	-18.7988	-0.9766	156.9232	-71.8835	31.0638	37.0506 
0x50	16:30:23.672	0.3477	0.0347	-0.0898	-0.6104	-32.1655	-0.9155	158.8129	-70.2905	29.0259	37.0624 
0x50	16:30:23.722	0.3496	0.0308	-0.1235	-2.6855	-15.3198	-4.7607	158.8293	-69.4940	28.8666	37.0535 
0x50	16:30:23.819	0.3457	0.0464	-0.1230	-0.6714	-23.9868	1.0986	159.9664	-68.3405	27.5537	37.0594 
0x50	16:30:23.867	0.3657	0.0400	-0.1465	0.5493	-9.3384	-2.0142	160.1532	-67.8680	27.3834	37.0477 
0x50	16:30:23.917	0.3154	0.0464	-0.1470	4.1504	-31.7993	-1.0376	160.9662	-66.6321	26.6528	37.0565 
0x50	16:30:23.982	0.3379	0.0396	-0.2051	0.0000	-26.3672	3.2349	162.2791	-65.4346	25.2191	37.0477 
0x50	16:30:24.014	0.3081	0.0313	-0.2075	1.4648	-16.0522	3.8452	162.9712	-64.8633	24.4666	37.0506 
0x50	16:30:24.063	0.2666	0.0337	-0.1978	0.6714	-28.1982	4.6997	164.3280	-63.5779	23.0054	37.0594 
0x50	16:30:24.112	0.3091	0.0381	-0.2266	1.1597	-17.7002	0.0000	165.0146	-62.7869	22.2748	37.0535 
0x50	16:30:24.161	0.2402	0.0352	-0.2373	2.6855	-35.8887	2.0142	165.8112	-61.2323	21.4563	37.0477 
0x50	16:30:24.228	0.3042	0.0337	-0.2939	-2.0142	-19.3481	-0.3662	166.4813	-60.1556	20.6818	37.0477 
0x50	16:30:24.243	0.2505	0.0376	-0.2651	2.5635	-10.3760	3.6621	166.8823	-59.5184	20.2588	37.0477 
0x50	16:30:24.292	0.2456	0.0132	-0.2666	-0.9155	-6.5918	3.1738	167.0746	-59.4635	19.9896	37.0359 
0x50	16:30:24.341	0.2500	0.0337	-0.3315	4.2725	-16.1133	4.5166	167.9041	-58.6011	19.1876	37.0447 
0x50	16:30:24.425	0.2476	0.0317	-0.2881	-7.3853	9.2163	-2.0142	167.3547	-58.9526	19.4128	37.0565 
0x50	16:30:24.438	0.3306	0.0181	-0.3369	-3.9063	-20.2026	-10.0098	167.0197	-58.2166	19.6381	37.0330 
0x50	16:30:24.487	0.3315	0.0518	-0.3071	-7.5684	-7.8735	-16.6626	165.8112	-57.7167	20.6927	37.0388 
0x50	16:30:24.536	0.1172	0.0444	-0.3418	6.1646	-18.8599	-21.6675	164.5148	-56.5576	22.5494	37.0388 
0x50	16:30:24.625	0.2764	0.0576	-0.3320	3.9063	0.4272	9.1553	165.5035	-56.7773	21.6705	37.0330 
0x50	16:30:24.634	0.2368	0.0596	-0.2793	4.5776	-20.0806	-2.8687	165.7837	-56.1951	21.4948	37.0359 
0x50	16:30:24.683	0.2534	0.0732	-0.3101	-0.5493	-6.1646	-0.7324	165.9540	-55.8600	21.2036	37.0359 
0x50	16:30:24.732	0.2441	0.0454	-0.3657	7.2632	-21.9116	2.4414	166.5912	-55.0525	20.8081	37.0359 
0x50	16:30:24.814	0.3452	-0.0283	-0.5371	-6.6528	7.6904	8.4229	-176.9788	-55.1074	20.3412	37.0271 
0x50	16:30:24.830	0.2627	0.0679	-0.3188	-1.5259	-14.4653	-2.5635	163.2898	-54.8108	20.5060	37.0212 
0x50	16:30:24.879	0.2202	0.0342	-0.4092	7.8735	-19.9585	6.0425	164.2181	-53.7891	19.7260	37.0183 
0x50	16:30:24.927	0.1812	0.0620	-0.3555	-1.0376	-25.4517	2.6245	164.6136	-52.5641	19.0613	37.0241 
0x50	16:30:25.011	0.2007	0.0430	-0.4063	-8.1787	-35.9497	-1.1597	164.7455	-50.8173	18.3801	37.0359 
0x50	16:30:25.025	0.1812	0.0308	-0.4434	14.1602	-29.2358	5.8594	166.3000	-49.3011	17.1881	37.0300 
0x50	16:30:25.074	0.1660	0.0288	-0.4663	-0.5493	-61.8286	-1.5869	167.0032	-46.2799	16.2103	37.0241 
0x50	16:30:25.123	0.0737	0.0444	-0.4800	8.4839	-52.1851	3.7842	167.7118	-43.7695	15.4248	37.0271 
0x50	16:30:25.205	0.0806	0.0391	-0.5161	5.9204	-48.0957	-1.6479	168.4039	-41.4020	14.8425	37.0183 
0x50	16:30:25.221	0.0254	0.0215	-0.5786	8.7280	-17.7002	8.0566	169.3542	-40.3912	14.2163	37.0153 
0x50	16:30:25.269	0.0430	0.0376	-0.5635	-6.6528	-36.8652	-0.9155	169.2719	-38.5730	13.8318	37.0241 
0x50	16:30:25.318	0.0156	0.0205	-0.5938	0.0000	-23.5596	1.2207	169.4916	-37.4963	13.5187	37.0153 
0x50	16:30:25.416	-0.0181	0.0347	-0.5640	-3.1738	-26.6724	-2.1973	169.4366	-36.1615	13.3484	37.0094 
0x50	16:30:25.465	-0.0190	0.0308	-0.6167	4.8828	-23.8647	4.4556	170.0244	-34.8376	12.7661	37.0212 
0x50	16:30:25.513	-0.0474	0.0166	-0.6182	2.0142	-6.7749	2.0142	170.2332	-34.5190	12.5739	37.0241 
0x50	16:30:25.564	-0.0474	0.0161	-0.6235	-0.7324	-13.0615	1.1597	170.2771	-33.8434	12.3981	37.0094 
0x50	16:30:25.645	-0.0493	0.0283	-0.6001	0.0000	-17.6392	-0.4272	170.3650	-32.9700	12.2443	37.0035 
0x50	16:30:25.660	-0.0488	0.0244	-0.6245	4.2114	-24.6582	3.5400	170.7495	-31.9427	11.8158	37.0094 
0x50	16:30:25.709	-0.0825	0.0039	-0.7095	-4.5166	-35.7666	-2.1362	170.6396	-30.1630	11.6016	37.0065 
0x50	16:30:25.758	-0.1426	0.0239	-0.6460	-2.0752	-31.8604	3.6621	170.7166	-28.4546	11.0962	37.0006 
0x50	16:30:25.850	-0.1191	0.0176	-0.7241	5.4321	-27.0996	6.2256	171.2714	-27.1637	10.5029	37.0094 
0x50	16:30:25.850	-0.1411	0.0000	-0.7129	-3.3569	-30.9448	-3.7231	171.1560	-25.4883	10.4150	37.0065 
0x50	16:30:25.889	-0.1963	0.0317	-0.6816	-6.1646	-26.6113	-5.9814	170.8099	-24.1260	10.5139	36.9918 
0x50	16:30:25.938	-0.2358	0.0161	-0.7109	3.7842	-19.2261	0.6104	170.9747	-22.9559	10.3491	37.0124 
0x50	16:30:25.987	-0.2183	0.0244	-0.7388	-2.9297	-25.2075	-2.6855	170.8539	-21.6870	10.2777	37.0094 
0x50	16:30:26.058	-0.2275	0.0254	-0.7471	-5.6763	-22.3999	-1.2817	170.6836	-20.5499	10.1184	36.9888 
0x50	16:30:26.084	-0.2905	0.0332	-0.7236	-4.0283	-19.4092	-2.2583	170.4968	-19.5776	10.0690	37.0094 
0x50	16:30:26.134	-0.2881	0.0469	-0.7070	-3.2959	-18.8599	-0.9766	170.3485	-18.6053	9.9042	37.0006 
0x50	16:30:26.182	-0.3037	0.0269	-0.7417	12.8174	-9.2163	-4.4556	170.9418	-18.1165	10.0580	36.9918 
0x50	16:30:26.252	-0.3071	0.0200	-0.7754	-10.0098	-19.5923	3.1128	170.7001	-17.1552	9.7394	36.9977 
0x50	16:30:26.280	-0.3179	0.0347	-0.7524	-13.4277	-16.4185	2.3804	170.1068	-16.3641	9.4812	36.9947 
0x50	16:30:26.329	-0.3408	0.0308	-0.7290	6.6528	-3.7231	10.1929	170.2551	-16.0071	8.9758	37.0065 
0x50	16:30:26.380	-0.2568	0.0347	-0.7578	-13.3057	-15.7471	-5.3101	169.5520	-15.1886	9.1077	37.0006 
0x50	16:30:26.445	-0.3311	0.0527	-0.8076	2.2583	-10.5591	-0.3052	169.7443	-14.6173	9.0253	36.9888 
0x50	16:30:26.475	-0.3491	0.0449	-0.7573	-0.5493	-14.6484	-1.7090	169.7278	-13.8812	8.9758	37.0006 
0x50	16:30:26.524	-0.3965	0.0449	-0.6978	2.9907	-9.5215	2.3193	169.6838	-13.2990	8.8824	36.9918 
0x50	16:30:26.573	-0.3516	0.0479	-0.8208	-2.5635	-27.8931	-3.9063	169.5740	-11.8927	8.8220	36.9918 
0x50	16:30:26.636	-0.3818	0.0337	-0.7676	9.1553	-21.9727	3.2959	169.9255	-10.7941	8.5089	37.0006 
0x50	16:30:26.671	-0.4409	0.0479	-0.7891	-5.6763	-19.2261	-4.3945	169.6344	-9.8053	8.5583	37.0006 
0x50	16:30:26.720	-0.4302	0.0459	-0.7935	3.8452	-16.1133	2.8687	169.9091	-9.1296	8.2672	36.9830 
0x50	16:30:26.769	-0.4658	0.0488	-0.7349	3.9673	-27.2217	-1.4038	170.1343	-7.7783	8.0969	36.9771 
0x50	16:30:26.832	-0.4556	0.0308	-0.8286	0.9766	-13.5498	-0.4272	170.3705	-7.1191	7.9321	36.9947 
0x50	16:30:26.867	-0.5166	0.0439	-0.7764	2.8076	-19.1650	-1.7090	170.5188	-6.1633	7.8552	36.9888 
0x50	16:30:26.915	-0.5005	0.0259	-0.8013	1.6479	-12.6343	0.7324	170.5902	-5.5756	7.6959	36.9771 
0x50	16:30:27.026	-0.5332	0.0269	-0.7500	-2.6855	-9.7656	0.0000	170.4639	-5.0977	7.6190	36.9771 
0x50	16:30:27.062	-0.5269	0.0156	-0.8481	4.4556	-7.2632	3.9673	170.8319	-4.8615	7.3883	36.9859 
0x50	16:30:27.111	-0.5420	0.0313	-0.8169	-2.9907	-8.2397	-0.5493	170.6836	-4.4495	7.3499	36.9888 
0x50	16:30:27.160	-0.5562	0.0210	-0.8555	7.9956	-28.3203	6.5308	171.1945	-2.8180	6.8555	36.9918 
0x50	16:30:27.209	-0.5762	0.0190	-0.8560	0.2441	-20.2026	-1.8921	171.3593	-1.0876	6.7950	36.9771 
0x50	16:30:27.265	-0.5933	0.0205	-0.7871	11.7188	-31.1279	4.0283	171.7822	1.2195	6.3831	36.9888 
0x50	16:30:27.306	-0.5962	0.0171	-0.8262	-4.6387	-45.7764	-1.4038	171.6888	4.1473	6.1194	36.9800 
0x50	16:30:27.355	-0.7173	0.0225	-0.8433	-1.3428	-34.2407	1.6479	171.9305	7.1686	5.8557	36.9888 
0x50	16:30:27.404	-0.6743	0.0146	-0.7993	1.2207	-13.5498	-0.2441	172.1173	8.4869	5.7733	36.9888 
0x50	16:30:27.465	-0.7168	0.0161	-0.8149	-1.1597	-28.3813	-1.5259	172.2217	10.6567	5.6360	36.9771 
0x50	16:30:27.486	-0.7114	0.0112	-0.7495	0.8545	-21.2402	-2.0142	172.2382	12.3047	5.5481	36.9771 
0x50	16:30:27.535	-0.7690	0.0186	-0.7827	-3.2349	-19.1650	0.3052	172.2931	13.6285	5.4767	36.9800 
0x50	16:30:27.585	-0.7646	0.0161	-0.7891	3.9673	-20.2026	0.0000	172.4689	15.4248	5.2734	36.9771 
0x50	16:30:27.664	-0.7847	0.0234	-0.7266	0.2441	-29.8462	-3.9673	172.4799	17.3969	5.2460	36.9830 
0x50	16:30:27.682	-0.7983	0.0142	-0.7456	4.8828	-34.3628	-4.3945	172.7820	19.6216	5.2460	36.9712 
0x50	16:30:27.735	-0.8340	0.0117	-0.7236	0.4272	-32.8369	2.3804	172.7600	21.7145	4.8834	36.9653 
0x50	16:30:27.780	-0.8843	0.0029	-0.8042	5.0659	-21.9727	0.3662	173.1171	23.5052	4.6692	36.9653 
0x50	16:30:27.858	-0.8677	0.0093	-0.7441	-6.2866	-22.0947	0.1831	172.8424	25.1422	4.4385	36.9741 
0x50	16:30:27.877	-0.8887	0.0166	-0.7324	3.9063	-16.5405	-0.6104	173.0182	26.4551	4.3561	36.9741 
0x50	16:30:27.927	-0.9072	0.0093	-0.7446	2.8076	-15.6250	0.7324	173.1940	27.6581	4.2242	36.9683 
0x50	16:30:27.975	-0.9297	0.0054	-0.7441	-0.6714	-17.2119	-0.1831	173.2928	28.9655	4.1254	36.9771 
0x50	16:30:28.050	-0.9395	0.0034	-0.7119	3.1738	-17.8223	-2.3804	173.3698	30.3827	4.0649	36.9683 
0x50	16:30:28.073	-0.9536	0.0020	-0.7559	-1.0376	-29.9072	2.1973	179.8517	32.0581	3.9496	36.9771 
0x50	16:30:28.122	-0.9854	0.0034	-0.7056	2.8687	-35.7666	-5.4932	179.9506	34.0851	4.1968	36.9771 
0x50	16:30:28.171	-1.0366	0.0034	-0.7134	2.0752	-43.9453	-0.8545	-179.8132	36.5240	4.3561	36.9653 
0x50	16:30:28.242	-1.0513	-0.0005	-0.7061	3.7231	-45.7764	-1.8311	-179.9561	39.3311	4.3835	36.9653 
0x50	16:30:28.268	-1.0630	0.0093	-0.6260	-3.7842	-41.3818	-0.3052	179.1486	41.6876	4.4275	36.9712 
0x50	16:30:28.320	-1.1162	-0.0049	-0.6743	-2.8076	-35.4004	-0.9155	-179.6265	43.7695	4.4824	36.9741 
0x50	16:30:28.366	-1.1372	0.0044	-0.6377	-2.3193	-30.3955	-1.6479	179.7638	45.4669	4.6747	36.9771 
0x50	16:30:28.415	-1.1250	0.0020	-0.5933	0.9155	-36.9263	-6.7139	-179.8517	47.6202	5.1526	36.9653 
0x50	16:30:28.487	-1.1631	-0.0024	-0.6211	-2.0142	-20.9961	5.0659	-178.8904	48.9880	4.9823	36.9741 
0x50	16:30:28.513	-1.1714	0.0073	-0.5723	-2.1362	-35.2173	1.4648	179.1541	51.0205	4.8779	36.9741 
0x50	16:30:28.611	-1.2324	-0.0098	-0.5972	0.9155	-28.9917	-2.5635	-178.7311	52.9211	5.0757	36.9771 
0x50	16:30:28.676	-1.2686	-0.0020	-0.5659	-5.7983	-26.0620	2.5635	-179.1705	54.4647	4.9054	36.9653 
0x50	16:30:28.709	-1.2563	0.0098	-0.5542	0.5493	-37.3535	-4.6997	179.0717	56.4038	5.1526	36.9565 
0x50	16:30:28.757	-1.3149	-0.0005	-0.5107	-2.5024	-29.9683	1.1597	179.9506	58.1287	5.0262	36.9712 
0x50	16:30:28.806	-1.2856	0.0063	-0.4717	-0.4883	-32.1045	2.3804	179.0332	59.9744	4.5209	36.9565 
0x50	16:30:28.874	-1.3071	0.0029	-0.4863	0.3662	-27.7100	-1.2817	179.1376	61.5289	4.6088	36.9506 
0x50	16:30:28.904	-1.3135	0.0107	-0.4277	-10.4370	-47.9736	-2.6855	178.4894	64.0063	4.4330	36.9624 
0x50	16:30:28.953	-1.3774	0.0146	-0.4385	0.9766	-24.2920	-1.4648	178.6157	65.3687	4.5319	36.9653 
0x50	16:30:29.001	-1.3452	0.0103	-0.4063	0.0000	-38.8794	-2.0752	178.6432	67.1429	4.5813	36.9535 
0x50	16:30:29.063	-1.4033	0.0137	-0.4092	-4.5776	-35.2173	-3.1738	178.6871	69.0106	4.8889	36.9624 
0x50	16:30:29.084	-1.4565	0.0024	-0.3940	-0.8545	-22.7051	0.9155	179.6429	70.2411	5.0647	36.9594 
0x50	16:30:29.133	-1.3774	0.0171	-0.3618	-4.2114	-22.0947	0.1831	179.3408	71.4276	5.0098	36.9712 
0x50	16:30:29.182	-1.4272	0.0078	-0.3232	1.7090	-8.1177	5.7983	178.6102	72.1143	4.4604	36.9535 
0x50	16:30:29.258	-1.4189	0.0049	-0.3481	3.0518	-9.0942	1.0986	178.5718	72.6416	4.2462	36.9594 
0x50	16:30:29.280	-1.4224	0.0078	-0.2842	1.0986	-15.9912	0.2441	178.2477	73.5699	3.9221	36.9477 
0x50	16:30:29.328	-1.4482	0.0112	-0.3555	4.8218	-20.0195	-3.6011	179.0057	74.6136	4.4714	36.9624 
0x50	16:30:29.377	-1.4487	0.0088	-0.2720	-1.1597	-32.2266	-1.8311	178.8629	76.1298	4.4440	36.9653 
0x50	16:30:29.450	-1.4927	0.0146	-0.3037	-1.5259	-20.6299	4.5776	177.7148	77.1844	3.3618	36.9477 
0x50	16:30:29.475	-1.4707	0.0044	-0.2646	2.8687	-19.1650	-3.2959	178.3191	78.0963	3.8232	36.9624 
0x50	16:30:29.524	-1.4819	0.0059	-0.2466	1.4038	-34.1187	-4.6997	179.3298	79.8322	4.7900	36.9506 
0x50	16:30:29.572	-1.4849	0.0049	-0.2354	-0.3052	-21.7896	5.1270	178.8080	80.7715	3.8727	36.9535 
0x50	16:30:29.621	-1.4937	0.0024	-0.1890	1.7700	-31.7383	-4.6387	-179.7693	82.3810	5.2350	36.9506 
0x50	16:30:29.694	-1.5049	-0.0063	-0.1909	0.0000	-26.4893	3.2959	-178.0939	83.7598	4.8065	36.9418 
0x50	16:30:29.720	-1.5220	0.0015	-0.1646	0.4883	-41.3208	-5.3101	-179.1595	85.7922	7.7014	36.9535 
0x50	16:30:29.775	-1.5332	-0.0068	-0.1021	0.6104	-31.9824	-6.2256	-176.1658	87.6105	10.5249	36.9477 
0x50	16:30:29.817	-1.5688	-0.0034	-0.0991	1.7090	-28.2593	-2.1362	-169.4202	88.9673	17.3199	36.9594 
0x50	16:30:29.890	-1.6021	-0.0039	-0.0820	1.7700	-25.5127	1.2817	-128.7268	90.2582	58.5626	36.9535 
0x50	16:30:29.915	-1.5542	-0.0039	-0.0708	-0.4883	-22.5830	6.4697	-173.2379	91.1206	13.8483	36.9506 
0x50	16:30:29.963	-1.6055	-0.0015	-0.0293	1.7700	-40.7715	-6.6528	172.7271	92.9004	-0.7526	36.9477 
0x50	16:30:30.012	-1.5669	-0.0103	0.0024	-3.5400	-30.7617	4.5776	-178.9233	94.3286	5.6799	36.9506 
0x50	16:30:30.092	-1.5923	-0.0034	0.0278	3.6011	-22.8882	-2.2583	-15.6281	94.0924	3.7573	36.9477 
0x50	16:30:30.109	-1.5981	-0.0020	0.0361	1.2207	-23.5596	-0.2441	-20.2094	92.8949	-1.2085	36.9477 
0x50	16:30:30.210	-1.5571	-0.0112	0.0566	1.2817	-21.3013	-5.7983	-22.0715	91.8402	-3.3234	36.9447 
0x50	16:30:30.287	-1.6074	-0.0044	0.0977	-5.0659	-35.4004	-1.2207	-56.6180	90.1593	-38.4631	36.9477 
0x50	16:30:30.305	-1.6313	-0.0244	0.1060	-0.6714	-32.8979	-4.1504	-9.1516	88.7366	77.3822	36.9477 
0x50	16:30:30.354	-1.5938	-0.0112	0.1299	-4.2725	-21.9116	-0.3662	-4.3890	87.6050	82.3590	36.9535 
0x50	16:30:30.403	-1.6084	-0.0200	0.1777	-6.8970	-50.5981	-0.4272	-2.6257	85.4297	84.5013	36.9565 
0x50	16:30:30.475	-1.6133	-0.0039	0.1968	-3.8452	-34.3628	1.3428	-1.2579	83.6938	86.0559	36.9535 
0x50	16:30:30.501	-1.6240	-0.0229	0.2344	0.2441	-29.8462	-0.6714	-1.6370	82.3260	85.8307	36.9388 
0x50	16:30:30.550	-1.6045	-0.0049	0.2466	4.5166	-26.3062	-0.6104	-1.3678	81.0132	85.8691	36.9388 
0x50	16:30:30.599	-1.5591	-0.0210	0.2886	-0.5493	-44.0063	-5.0659	-2.0215	78.7280	85.2979	36.9447 
0x50	16:30:30.664	-1.6455	-0.0117	0.3188	-2.9297	-50.4761	0.4883	-1.6534	76.2506	85.8252	36.9418 
0x50	16:30:30.681	-1.6206	-0.0249	0.3838	-2.9907	-55.4810	2.9907	-1.0602	73.5205	86.6821	36.9447 
0x50	16:30:30.732	-1.5664	0.0054	0.4326	2.3193	-49.1943	12.6953	1.1865	71.1255	88.9124	36.9330 
0x50	16:30:30.779	-1.5796	-0.0200	0.4541	-2.1973	-31.4331	-7.3242	0.3186	69.1644	88.1598	36.9477 
0x50	16:30:30.828	-1.6099	-0.0259	0.5039	-2.8076	-32.5317	-3.2349	-0.5823	67.7087	87.3962	36.9330 
0x50	16:30:30.905	-1.5557	-0.0039	0.5015	2.0752	-10.0708	3.7842	-0.2142	67.1869	87.7203	36.9447 
0x50	16:30:30.925	-1.5254	-0.0112	0.5142	3.4180	-15.4419	1.7700	0.1648	66.5497	88.0170	36.9418 
0x50	16:30:30.974	-1.5576	-0.0063	0.5039	2.0752	-23.1323	3.3569	0.4175	65.6378	88.1323	36.9477 
0x50	16:30:31.023	-1.5239	-0.0132	0.5483	0.0000	-23.0103	4.5776	0.9338	64.5886	88.7311	36.9447 
0x50	16:30:31.099	-1.5303	-0.0205	0.5703	1.6479	-23.7427	0.3662	0.9064	63.6768	88.7146	36.9359 
0x50	16:30:31.121	-1.5264	0.0073	0.5767	0.4272	-36.0107	2.6245	1.0986	62.1167	88.8849	36.9388 
0x50	16:30:31.170	-1.4844	-0.0142	0.6304	1.0376	-35.9497	-1.8921	1.0767	60.6116	88.8464	36.9447 
0x50	16:30:31.219	-1.5122	-0.0049	0.6411	0.6714	-29.4800	-4.0283	0.7086	59.0405	88.3960	36.9300 
0x50	16:30:31.294	-1.4556	-0.0049	0.6709	-1.1597	-56.3354	0.0000	0.6262	56.9147	88.3301	36.9359 
0x50	16:30:31.317	-1.4756	-0.0034	0.7246	-0.9155	-50.8423	-0.4272	0.4614	54.2615	88.2147	36.9477 
0x50	16:30:31.365	-1.4072	-0.0176	0.6987	-2.1362	-38.8184	2.3193	0.5493	52.8992	88.4070	36.9359 
0x50	16:30:31.415	-1.4443	0.0029	0.7974	-2.8687	-60.4858	4.1504	0.4285	49.9274	88.5388	36.9418 
0x50	16:30:31.499	-1.3438	-0.0098	0.7549	0.6104	-21.3623	-2.6855	0.4669	49.3616	88.4619	36.9447 
0x50	16:30:31.512	-1.4243	-0.0005	0.8252	-1.2207	-36.1938	1.4038	0.2802	48.0542	88.3026	36.9300 
0x50	16:30:31.563	-1.3579	0.0015	0.8291	2.8687	-12.0850	5.4321	0.7306	47.1368	88.7695	36.9359 
0x50	16:30:31.610	-1.3887	-0.0063	0.8311	-3.0518	-21.9727	-0.7324	0.5658	46.8237	88.6542	36.9300 
0x50	16:30:31.694	-1.3350	-0.0059	0.8643	1.4648	-9.2773	1.8921	0.6592	46.3184	88.7695	36.9359 
0x50	16:30:31.708	-1.3369	0.0020	0.8481	-2.3804	-12.6343	-0.9155	0.5988	46.2030	88.7311	36.9300 
0x50	16:30:31.805	-1.3550	0.0005	0.9072	0.6104	-10.9253	-0.9155	0.5603	45.8624	88.6542	36.9300 
0x50	16:30:31.883	-1.2959	-0.0005	0.8403	-0.8545	-13.6719	-2.9907	0.5658	45.4834	88.6267	36.9447 
0x50	16:30:31.903	-1.3755	-0.0020	0.9160	0.2441	-29.4189	-0.1831	0.5383	44.2474	88.5938	36.9300 
0x50	16:30:31.952	-1.2764	-0.0044	0.8940	-3.9673	-26.6113	0.3052	0.5328	43.2587	88.7256	36.9300 
0x50	16:30:32.001	-1.3047	-0.0063	0.9448	0.3662	-21.1792	-3.4180	0.3680	42.4347	88.4784	36.9330 
0x50	16:30:32.050	-1.2754	-0.0078	0.9487	-0.7324	-49.0723	-2.5024	0.2747	40.6439	88.2971	36.9359 
0x50	16:30:32.130	-1.2480	0.0020	0.9814	-2.7466	-77.6367	-2.0752	0.0385	37.0459	88.1433	36.9271 
0x50	16:30:32.147	-1.1982	-0.0088	0.9829	2.9907	-11.4746	-1.4648	0.1923	36.2933	88.0719	36.9388 
0x50	16:30:32.197	-1.1885	-0.0054	1.0239	-1.8921	-40.0391	0.4272	0.0989	34.5795	88.0884	36.9300 
0x50	16:30:32.235	-1.1592	-0.0122	1.0098	0.8545	-23.1934	-1.4038	0.1538	33.1842	88.0939	36.9271 
0x50	16:30:32.278	-1.0962	0.0063	1.0195	0.0000	-27.8320	0.7935	0.1813	32.0856	88.1378	36.9418 
0x50	16:30:32.327	-1.1084	-0.0181	1.0073	5.9814	0.7935	-0.8545	0.4065	32.0746	88.1104	36.9330 
0x50	16:30:32.376	-1.1147	0.0122	1.0732	1.6479	-35.4614	-0.8545	0.4559	30.6079	88.0444	36.9124 
0x50	16:30:32.425	-1.0308	-0.0078	1.0317	1.9531	-6.4697	-3.4790	0.6537	30.1849	88.0719	36.9330 
0x50	16:30:32.474	-1.0889	0.0088	1.0952	-1.8921	-25.9399	-6.5918	0.3625	29.2017	87.6764	36.9300 
0x50	16:30:32.523	-1.0669	-0.0034	1.1030	1.8921	-36.9873	-4.6997	0.2856	28.1470	87.3468	36.9447 
0x50	16:30:32.571	-1.0444	0.0068	1.1401	4.6387	-70.1294	4.6997	0.6262	24.9774	87.5885	36.9300 
0x50	16:30:32.621	-0.9712	0.0044	1.0908	7.6904	-12.0239	4.8828	1.1920	24.1205	87.9401	36.9418 
0x50	16:30:32.671	-0.9604	-0.0015	1.1621	-7.7515	-45.4102	-3.4180	0.6921	22.1924	87.7039	36.9271 
0x50	16:30:32.719	-0.8945	0.0142	1.1240	3.7842	-10.4370	-2.7466	1.0107	20.8246	87.7313	36.9271 
0x50	16:30:32.767	-0.9102	0.0239	1.1660	-5.2490	-1.4038	-10.3760	0.5603	21.1047	87.1765	36.9241 
0x50	16:30:32.816	-0.9282	0.0015	1.1772	0.0000	2.0142	-1.0986	0.5603	20.9509	87.1326	36.9271 
0x50	16:30:32.865	-0.8833	0.0195	1.1484	-0.9155	-8.6670	-2.8076	0.4669	20.8575	86.9788	36.9300 
0x50	16:30:32.914	-0.9033	0.0063	1.2046	-9.0332	-26.4282	-8.4839	-0.1978	20.1654	86.4459	36.9212 
0x50	16:30:32.963	-0.8877	-0.0093	1.1377	-1.9531	-1.8311	0.0000	-0.3021	20.4291	86.4459	36.9300 
0x50	16:30:33.011	-0.8242	0.0112	1.0659	10.1318	0.8545	0.0000	0.4120	21.4014	87.0172	36.9271 
0x50	16:30:33.101	-0.6655	-0.0342	0.9893	8.4229	-42.1143	28.1982	1.3019	19.5612	88.5004	36.9271 
0x50	16:30:33.109	-0.8555	0.0059	1.1729	5.3711	-12.0239	12.6953	1.4172	18.6383	88.8849	36.9182 
0x50	16:30:33.158	-0.8179	-0.0132	1.1836	4.9438	-25.0244	1.8311	1.6425	17.7209	88.9453	36.9241 
0x50	16:30:33.208	-0.8120	0.0449	1.1631	-0.6714	-11.4746	3.6621	1.6534	16.9409	89.0881	36.9330 
0x50	16:30:33.256	-0.7822	-0.0068	1.1733	-2.5635	18.3105	-1.7090	1.4667	18.1824	89.0222	36.9182 
0x50	16:30:33.342	-0.8247	0.0205	1.2119	-3.0518	-23.6206	0.6714	1.2305	17.2156	89.0057	36.9241 
0x50	16:30:33.403	-0.8457	-0.0005	1.2275	-15.5029	34.5459	-15.4419	0.2032	19.2755	88.2257	36.9153 
0x50	16:30:33.451	-0.8071	0.0317	1.1377	0.9766	-18.1885	-8.5449	0.0549	19.0668	87.7808	36.9330 
0x50	16:30:33.533	-0.7822	-0.0293	1.1646	4.5166	8.0566	0.8545	0.2637	19.7589	87.8247	36.9212 
0x50	16:30:33.549	-0.8418	0.0410	1.2217	-10.4980	-42.3584	-13.6108	-0.5273	18.7701	87.0831	36.9094 
0x50	16:30:33.598	-0.7852	-0.0088	1.2158	-0.4883	-59.0820	0.4272	-0.5328	16.1389	87.1381	36.9182 
0x50	16:30:33.647	-0.7153	-0.0205	1.1479	3.6011	-20.9961	2.5635	-0.3021	15.5841	87.3413	36.9241 
0x50	16:30:33.731	-0.7153	-0.0181	1.2217	0.3052	-7.6294	-0.5493	-0.3076	15.5017	87.3138	36.9330 
0x50	16:30:33.745	-0.7212	0.0005	1.2109	-5.9204	-5.3101	-2.7466	-0.5768	15.5951	87.1930	36.9124 
0x50	16:30:33.793	-0.7129	-0.0137	1.2144	-4.2114	-42.2363	-3.7231	-0.8295	13.8043	87.0227	36.9094 
0x50	16:30:33.827	-0.6724	-0.0098	1.1924	0.7935	3.6011	2.2583	-0.8350	14.1449	87.1490	36.9182 
0x50	16:30:33.876	-0.6743	-0.0103	1.1899	-1.0376	-13.7329	-4.2114	-0.9283	13.7714	86.9403	36.9182 
0x50	16:30:33.926	-0.6689	-0.0322	1.2065	-2.8076	7.2632	-2.4414	-1.0767	13.9362	86.8140	36.9182 
0x50	16:30:33.973	-0.6406	-0.0054	1.1733	4.5166	2.4414	-1.3428	-0.8514	14.3481	86.7426	36.9094 
0x50	16:30:34.024	-0.6655	-0.0171	1.2026	0.1831	3.1738	0.7324	-0.8459	14.5844	86.8085	36.9212 
0x50	16:30:34.071	-0.6865	-0.0054	1.1563	1.4038	3.4790	-3.1128	-0.8020	15.0732	86.6437	36.9212 
0x50	16:30:34.120	-0.6646	-0.0215	1.2217	3.5400	-22.3389	3.1128	-0.5988	14.1504	86.7755	36.9153 
0x50	16:30:34.171	-0.6509	-0.0103	1.1968	-2.5024	-0.6104	-3.6621	-0.6757	14.1614	86.7151	36.9153 
0x50	16:30:34.218	-0.6211	0.0000	1.1948	2.1973	-10.9253	1.5869	-0.6097	13.9252	86.8140	36.9124 
0x50	16:30:34.267	-0.6387	-0.0210	1.2109	-0.6104	-9.3994	-2.0142	-0.6097	13.6285	86.7426	36.9094 
0x50	16:30:34.317	-0.6348	-0.0015	1.2070	0.9766	-3.9673	-0.6104	-0.6482	13.8483	86.7041	36.9065 
0x50	16:30:34.364	-0.6191	-0.0176	1.1938	1.5259	-16.9678	0.6104	-0.5603	13.5077	86.7535	36.9153 
0x50	16:30:34.413	-0.6279	-0.0083	1.2314	-2.3804	-3.6011	-0.1831	-0.6976	13.4033	86.7371	36.9065 
0x50	16:30:34.469	-0.6016	-0.0161	1.1777	2.5024	-5.7373	3.1128	-0.5273	13.5077	86.8854	36.9094 
0x50	16:30:34.511	-0.6040	-0.0063	1.2051	2.3193	2.7466	1.5259	-0.4285	13.8373	86.9897	36.9153 
0x50	16:30:34.560	-0.6143	-0.0151	1.1782	-0.7935	6.5918	-2.4414	-0.3955	14.3481	86.9073	36.9124 
0x50	16:30:34.609	-0.6133	0.0005	1.2007	-1.8921	7.1411	-0.4272	-0.4614	14.8480	86.9073	36.9065 
0x50	16:30:34.658	-0.6055	-0.0034	1.1841	0.0000	-4.9438	-3.6621	-0.4230	14.9634	86.7700	36.9153 
0x50	16:30:34.745	-0.6270	-0.0059	1.2144	5.1270	10.8032	2.7466	-0.2197	15.8533	86.8689	36.9212 
0x50	16:30:34.755	-0.6162	-0.0054	1.2114	-0.1831	6.9580	-0.5493	-0.1263	16.3751	86.9183	36.9065 
0x50	16:30:34.804	-0.7075	-0.0225	1.2378	10.6812	-36.6211	13.8550	0.5109	15.3973	87.4512	36.8947 
0x50	16:30:34.854	-0.5723	0.0054	1.1748	3.0518	-14.9536	3.1738	0.9283	14.7821	87.8522	36.9094 
0x50	16:30:34.946	-0.5562	-0.0029	1.1646	-4.6387	3.9673	-3.7231	0.7361	14.9908	87.7368	36.9065 
0x50	16:30:35.004	-0.6484	0.0020	1.2495	1.4648	-3.4790	0.7324	0.5988	15.1941	87.6105	36.9035 
0x50	16:30:35.049	-0.6509	0.0078	1.2515	0.0000	-4.6997	-4.0283	0.2362	15.8423	87.2424	36.9035 
0x50	16:30:35.097	-0.5894	-0.0122	1.1626	1.9531	-19.1040	0.6714	0.3955	15.0073	87.2919	36.9065 
0x50	16:30:35.154	-0.5957	-0.0078	1.2207	-8.9111	23.1934	-5.6152	-0.1318	16.3696	87.0062	36.9065 
0x50	16:30:35.196	-0.6162	-0.0127	1.2173	-8.5449	27.8931	1.9531	-0.4449	18.0835	87.0667	36.9124 
0x50	16:30:35.244	-0.6221	0.0098	1.2251	3.6011	-8.8501	2.5024	-0.2087	17.8198	87.2040	36.9065 
0x50	16:30:35.295	-0.6396	-0.0220	1.2222	4.3335	-8.1787	4.4556	0.0879	17.7319	87.4127	36.9006 
0x50	16:30:35.352	-0.6475	-0.0029	1.1694	-1.5259	0.8545	11.4746	0.1923	17.9956	88.0170	36.8947 
0x50	16:30:35.390	-0.6641	0.0171	1.2334	-12.2681	-7.2021	-6.9580	-0.2032	17.9132	87.9730	36.9094 
0x50	16:30:35.424	-0.5688	-0.0283	1.1372	1.0986	-10.9863	-2.4414	-0.2142	17.5452	87.8467	36.9006 
0x50	16:30:35.473	-0.6133	-0.0059	1.1914	4.8828	0.4883	2.5635	-0.1318	17.1442	87.8851	36.9065 
0x50	16:30:35.548	-0.5962	-0.0220	1.1958	-3.0518	4.3335	-3.6011	-0.3516	17.5397	87.6984	36.9094 
0x50	16:30:35.572	-0.6235	-0.0088	1.2295	0.3052	-7.5684	1.8921	-0.3296	17.3639	87.7423	36.8947 
0x50	16:30:35.619	-0.5840	-0.0049	1.1777	-2.8076	-4.3335	-0.4272	-0.4724	17.3309	87.7203	36.8888 
0x50	16:30:35.668	-0.6001	-0.0137	1.1963	1.7090	-13.4888	1.4038	-0.4120	17.0123	87.8082	36.9065 
0x50	16:30:35.739	-0.5913	-0.0195	1.2021	-1.3428	4.3335	-1.0986	-0.5054	17.4078	87.7533	36.9035 
0x50	16:30:35.766	-0.5859	0.0005	1.1904	-1.2817	-22.0947	1.7090	-0.5878	16.9189	87.8357	36.9006 
0x50	16:30:35.815	-0.5713	-0.0347	1.2139	-4.2114	6.7749	2.0142	-0.7855	17.4188	87.9401	36.8977 
0x50	16:30:35.864	-0.6064	0.0244	1.1421	0.3662	-4.0894	0.3052	-0.7251	17.4847	88.0499	36.8977 
0x50	16:30:35.912	-0.5835	-0.0264	1.2178	3.6011	-5.3711	-1.5869	-0.5823	17.3804	87.9675	36.9065 
0x50	16:30:35.997	-0.5767	0.0381	1.1777	1.3428	1.2817	-1.7090	-0.5823	17.5781	87.8412	36.8830 
0x50	16:30:36.010	-0.5815	-0.0400	1.2251	0.3052	-6.1646	-0.4883	-0.6042	17.4298	87.8192	36.8859 
0x50	16:30:36.059	-0.5840	0.0029	1.1807	5.3711	12.0850	-1.8921	-0.4230	18.1055	87.7533	36.8830 
0x50	16:30:36.108	-0.5811	-0.0581	1.2495	-2.7466	0.4883	-3.6621	-0.6647	18.2648	87.5555	36.8977 
0x50	16:30:36.191	-0.5669	0.0010	1.1719	-3.7231	-2.9297	3.2959	-0.7965	18.1549	87.7643	36.8888 
0x50	16:30:36.206	-0.5874	-0.0322	1.2314	-7.3853	-10.6812	0.3052	-1.1700	17.7759	87.7863	36.9006 
0x50	16:30:36.255	-0.5688	0.0107	1.1694	2.3193	1.5259	0.9155	-1.0986	17.9187	87.9126	36.8947 
0x50	16:30:36.305	-0.5747	-0.0234	1.2197	0.4272	0.2441	-3.2959	-1.1316	18.0725	87.7368	36.8918 
0x50	16:30:36.383	-0.5708	-0.0181	1.1851	0.7935	-2.9907	0.9766	-1.0602	18.1604	87.7972	36.8947 
0x50	16:30:36.401	-0.5625	-0.0405	1.2095	-1.5259	-5.6152	-0.9766	-1.1646	18.0176	87.7478	36.8800 
0x50	16:30:36.450	-0.5664	-0.0083	1.1816	-0.3052	-1.8311	2.9907	-1.1700	18.0286	87.9016	36.8888 
0x50	16:30:36.499	-0.5610	-0.0107	1.1929	1.5259	0.0000	-1.4038	-1.1041	18.1714	87.8302	36.8947 
0x50	16:30:36.597	-0.5723	-0.0244	1.2207	-0.1831	-3.5400	1.5869	-1.1151	18.0890	87.8247	36.8830 
0x50	16:30:36.648	-0.5454	-0.0151	1.1772	0.5493	-3.1128	3.4180	-1.0272	18.0780	88.0060	36.8947 
0x50	16:30:36.695	-0.5674	-0.0078	1.2095	-1.2207	0.1831	-1.0376	-1.1261	18.1494	87.9291	36.8830 
0x50	16:30:36.764	-0.5640	-0.0024	1.1958	3.3569	-3.2959	0.0000	-0.9393	18.1274	87.9346	36.8918 
0x50	16:30:36.792	-0.5376	-0.0337	1.2002	-2.3193	-6.5918	0.4272	-0.9558	18.0450	87.9291	36.8771 
0x50	16:30:36.841	-0.5361	-0.0039	1.1768	-0.3662	-8.3618	3.0518	-0.9064	17.7649	88.0994	36.8771 
0x50	16:30:36.892	-0.5566	-0.0034	1.2085	2.8687	2.9907	0.0000	-0.7965	18.0725	88.0499	36.8859 
0x50	16:30:36.961	-0.5361	-0.0107	1.1821	1.5259	-6.9580	0.7935	-0.6976	17.8583	88.0994	36.8830 
0x50	16:30:36.988	-0.5474	-0.0117	1.1992	-1.5259	3.3569	1.4648	-0.7581	18.1494	88.1543	36.8947 
0x50	16:30:37.021	-0.5410	0.0039	1.1914	-0.1831	-6.1035	0.1831	-0.7416	17.9736	88.1708	36.8859 
0x50	16:30:37.072	-0.5527	-0.0059	1.2109	0.6104	-0.6714	0.8545	-0.6866	18.1000	88.1927	36.8947 
0x50	16:30:37.121	-0.5371	-0.0098	1.1914	2.6855	-7.5684	1.3428	-0.5273	17.8473	88.2697	36.8653 
0x50	16:30:37.212	-0.5264	-0.0200	1.1948	0.2441	-8.1787	-0.6714	-0.5219	17.6440	88.2257	36.8800 
0x50	16:30:37.218	-0.5444	-0.0015	1.2192	-1.1597	-1.3428	0.0000	-0.5713	17.7045	88.2257	36.8888 
0x50	16:30:37.265	-0.5161	-0.0249	1.1973	-1.8311	-12.4512	0.7324	-0.5988	17.3035	88.2916	36.8888 
0x50	16:30:37.315	-0.5112	-0.0176	1.1968	-1.3428	-10.1318	1.8921	-0.6372	16.9244	88.3960	36.8830 
0x50	16:30:37.411	-0.5151	-0.0103	1.1978	-1.8921	-4.9438	0.1831	-0.7416	16.8805	88.4180	36.8947 
0x50	16:30:37.412	-0.5054	-0.0068	1.1958	-0.9766	-6.8359	0.8545	-0.7635	16.6608	88.4674	36.8947 
0x50	16:30:37.461	-0.4868	-0.0254	1.1792	-1.6479	-2.8687	0.9155	-0.8514	16.4905	88.5278	36.8741 
0x50	16:30:37.510	-0.4980	-0.0229	1.2090	1.0986	16.6626	-1.2207	-0.9064	17.1222	88.4619	36.8830 
0x50	16:30:37.559	-0.4995	-0.0107	1.2012	-3.1128	-10.4980	3.4180	-1.0107	16.7487	88.5938	36.8830 
0x50	16:30:37.608	-0.4897	-0.0391	1.1650	-0.2441	-2.3193	-0.4883	-0.9778	16.6223	88.6871	36.8712 
0x50	16:30:37.657	-0.4937	0.0098	1.1870	-0.5493	-2.4414	0.9766	-0.9503	16.7871	88.7421	36.8800 
0x50	16:30:37.706	-0.5156	-0.0083	1.2119	2.5024	-2.0752	1.3428	-0.9064	16.6058	88.7860	36.8859 
0x50	16:30:37.804	-0.4834	-0.0400	1.1938	-2.4414	1.0376	0.0000	-0.9778	16.8640	88.7476	36.8830 
0x50	16:30:37.804	-0.4824	-0.0239	1.1870	-1.1597	3.6621	2.1973	-1.0437	17.1552	88.8464	36.8712 
0x50	16:30:37.852	-0.5171	-0.0107	1.2158	-0.6104	7.1411	-2.1362	-1.1206	17.5397	88.7311	36.8830 
0x50	16:30:37.901	-0.5083	-0.0029	1.1958	1.1597	9.2773	0.0000	-1.0217	18.2043	88.6981	36.8800 
0x50	16:30:37.950	-0.5186	-0.0151	1.2070	2.6245	3.7842	0.7935	-0.9558	18.3911	88.6926	36.8830 
0x50	16:30:37.999	-0.5068	-0.0156	1.1860	-0.4272	3.6011	-1.6479	-0.8954	18.7537	88.6652	36.8712 
0x50	16:30:38.048	-0.5210	-0.0107	1.1929	3.7842	2.2583	0.8545	-0.7306	18.9240	88.6871	36.8741 
0x50	16:30:38.098	-0.5107	-0.0278	1.1973	-0.9155	-1.2817	-1.9531	-0.7526	19.0228	88.6102	36.8771 
0x50	16:30:38.195	-0.5137	-0.0044	1.1870	-1.3428	3.5400	-1.0986	-0.8020	19.2810	88.5718	36.8712 
0x50	16:30:38.243	-0.5249	-0.0151	1.2090	0.5493	-2.5024	0.4883	-0.8240	19.2590	88.5553	36.8800 
0x50	16:30:38.292	-0.5181	-0.0161	1.1953	-2.4414	2.3804	-1.8921	-0.9119	19.4019	88.5278	36.8594 
0x50	16:30:38.341	-0.5259	-0.0024	1.2056	1.4038	2.4414	0.1831	-0.9064	19.6216	88.4949	36.8624 
0x50	16:30:38.391	-0.5083	-0.0352	1.2085	-2.7466	-14.3433	-0.9155	-1.0052	19.1272	88.4454	36.8682 
0x50	16:30:38.438	-0.5200	-0.0054	1.1997	-2.0752	3.5400	1.8311	-1.1316	19.2206	88.5004	36.8741 
0x50	16:30:38.488	-0.5132	-0.0200	1.1992	-1.6479	0.7935	-0.8545	-1.2250	19.3359	88.4509	36.8594 
0x50	16:30:38.536	-0.5156	-0.0103	1.1973	-2.1362	-0.2441	1.0376	-1.3239	19.3524	88.4894	36.8594 
0x50	16:30:38.586	-0.5034	-0.0293	1.1924	-1.6479	-1.0376	0.0000	-1.4063	19.3744	88.4894	36.8594 
0x50	16:30:38.619	-0.4985	-0.0098	1.1836	-0.7324	2.0142	0.0000	-1.4063	19.4952	88.5114	36.8624 
0x50	16:30:38.668	-0.5190	-0.0288	1.2178	-2.6245	-1.4648	-1.6479	-1.5601	19.4897	88.4235	36.8712 
0x50	16:30:38.717	-0.5044	-0.0171	1.1860	-1.4038	0.3052	1.4648	-1.6205	19.6216	88.4894	36.8565 
0x50	16:30:38.766	-0.5020	-0.0313	1.1885	-1.5869	-5.1880	-1.1597	-1.7139	19.4293	88.4344	36.8682 
0x50	16:30:38.826	-0.5054	-0.0220	1.1963	-1.0986	2.2583	-1.0376	-1.7908	19.5831	88.3630	36.8653 
0x50	16:30:38.863	-0.5083	-0.0361	1.2007	0.3662	-4.3945	-0.5493	-1.7798	19.4348	88.3411	36.8594 
0x50	16:30:38.912	-0.5063	-0.0161	1.1934	-1.2817	1.4038	0.6714	-1.8512	19.5941	88.3466	36.8712 
0x50	16:30:38.962	-0.5000	-0.0249	1.1831	0.8545	-0.9766	-0.4883	-1.8018	19.6106	88.3246	36.8653 
0x50	16:30:39.019	-0.5068	-0.0264	1.2056	0.0000	1.3428	-0.8545	-1.7798	19.7644	88.2587	36.8594 
0x50	16:30:39.059	-0.4971	-0.0332	1.1787	0.5493	2.6245	0.9766	-1.7303	19.9567	88.3026	36.8594 
0x50	16:30:39.110	-0.5107	-0.0229	1.2056	0.3052	-0.8545	-0.6104	-1.7468	20.0336	88.2422	36.8624 
0x50	16:30:39.157	-0.5142	-0.0229	1.1953	0.7324	3.4790	0.3662	-1.6919	20.2698	88.2532	36.8653 
0x50	16:30:39.217	-0.5117	-0.0337	1.2070	0.3662	-1.0376	0.9155	-1.6699	20.2808	88.2642	36.8712 
0x50	16:30:39.255	-0.5117	-0.0269	1.1899	-1.6479	-0.4272	1.4038	-1.7194	20.3247	88.3356	36.8624 
0x50	16:30:39.304	-0.5205	-0.0254	1.2114	0.8545	-0.3052	0.3662	-1.6919	20.3961	88.3466	36.8565 
0x50	16:30:39.353	-0.5093	-0.0176	1.1885	0.4272	-1.7090	0.5493	-1.6425	20.3687	88.3795	36.8624 
0x50	16:30:39.412	-0.5117	-0.0405	1.2021	2.9907	0.4272	0.4883	-1.5051	20.4071	88.3850	36.8594 
0x50	16:30:39.450	-0.5171	-0.0117	1.2046	-1.5259	0.4272	0.9766	-1.5436	20.4840	88.4344	36.8682 
0x50	16:30:39.502	-0.5181	-0.0225	1.2007	1.7090	1.2817	-0.7935	-1.4941	20.5389	88.4015	36.8447 
0x50	16:30:39.548	-0.5142	-0.0215	1.2031	-0.3052	1.5259	-1.4038	-1.5271	20.6653	88.3246	36.8594 
0x50	16:30:39.603	-0.5171	-0.0205	1.2002	0.1831	1.0986	-0.1831	-1.5326	20.7642	88.3081	36.8594 
0x50	16:30:39.646	-0.5054	-0.0259	1.1895	0.7324	-1.8921	0.6714	-1.4777	20.7147	88.3466	36.8565 
0x50	16:30:39.695	-0.5107	-0.0166	1.1885	0.3662	2.1973	0.0000	-1.4996	20.7861	88.3411	36.8653 
0x50	16:30:39.802	-0.5156	-0.0161	1.1992	0.3662	5.0049	-1.0986	-1.4886	21.0828	88.2751	36.8565 
0x50	16:30:39.841	-0.5161	-0.0205	1.1943	0.7324	-0.4883	0.4883	-1.4777	21.0388	88.2916	36.8565 
0x50	16:30:39.890	-0.5146	-0.0273	1.2012	-0.6104	1.1597	-0.6104	-1.5161	21.1377	88.2587	36.8594 
0x50	16:30:39.939	-0.5107	-0.0181	1.1934	1.2817	-1.2207	1.2817	-1.4447	21.0992	88.3136	36.8477 
0x50	16:30:39.988	-0.5127	-0.0269	1.1953	-0.8545	2.7466	-0.9155	-1.4996	21.2750	88.2587	36.8624 
0x50	16:30:40.050	-0.5137	-0.0215	1.1938	0.9155	1.4648	0.0000	-1.4557	21.3684	88.2587	36.8594 
0x50	16:30:40.086	-0.5156	-0.0293	1.1992	0.0000	0.6714	0.0000	-1.4557	21.4398	88.2587	36.8477 
0x50	16:30:40.136	-0.5156	-0.0146	1.1948	0.2441	-0.7935	-0.2441	-1.4557	21.4893	88.2532	36.8594 
0x50	16:30:40.184	-0.5229	-0.0220	1.2065	0.5493	-0.1831	-0.3662	-1.4282	21.5222	88.2312	36.8535 
0x50	16:30:40.245	-0.5059	-0.0200	1.1865	-1.8921	0.2441	0.7935	-1.4832	21.5277	88.2697	36.8624 
0x50	16:30:40.266	-0.5176	-0.0054	1.1899	1.0986	2.3804	-0.6714	-1.4172	21.6870	88.2312	36.8565 
0x50	16:30:40.318	-0.5200	-0.0283	1.2061	0.0000	-1.3428	-0.1831	-1.4392	21.6541	88.1927	36.8535 
0x50	16:30:40.365	-0.5166	-0.0181	1.1963	0.2441	0.6104	0.9766	-1.3953	21.7200	88.2422	36.8506 
0x50	16:30:40.436	-0.5244	-0.0098	1.2017	1.4648	-0.3052	-0.4272	-1.3348	21.7365	88.2312	36.8594 
0x50	16:30:40.461	-0.5117	-0.0229	1.2002	0.0000	0.8545	0.3662	-1.3239	21.8079	88.2477	36.8477 
0x50	16:30:40.510	-0.5166	-0.0181	1.1919	0.4883	-1.0986	0.3662	-1.3293	21.8298	88.2587	36.8624 
0x50	16:30:40.563	-0.5151	-0.0239	1.2021	-1.1597	0.0000	-0.1831	-1.3898	21.8573	88.2477	36.8506 
0x50	16:30:40.631	-0.5161	-0.0137	1.1914	-0.2441	-0.9766	0.0000	-1.3953	21.8958	88.2587	36.8506 
0x50	16:30:40.657	-0.5176	-0.0288	1.2036	-0.9766	0.0000	0.8545	-1.4282	21.9232	88.3026	36.8477 
0x50	16:30:40.706	-0.5205	-0.0137	1.1968	-0.4272	0.0000	0.0000	-1.4612	21.9452	88.3136	36.8594 
0x50	16:30:40.757	-0.5210	-0.0239	1.2085	-0.4883	-1.0376	0.0000	-1.4777	21.9232	88.3136	36.8477 
0x50	16:30:40.821